0010011101111001
0000100010011000
0000100011000000
0010011101111001
0000100010011000
0000100011000000
0010011101111001
0000101000110010
0000101101111001
0010011101111001
0000100010001100
0000011001001000
0010011101111001
0000100010001100
0000011001001000
0010011101111001
0000101000101001
0000100001100000
0010011101111001
0000011000100000
0000010000010000
0010011101111001
0000011000100000
0000010000010000
0010011101111001
0000011110100111
0000010110010100
0010011101111001
0000100001001100
0000100001001100
0010011101111001
0000100001001100
0000100001001100
0010011101111001
0000100111011000
0000101011100011
0010011101111001
0000100000111100
0000100001100000
0010011101111001
0000100000111100
0000100001100000
0010011101111001
0000100111000011
0000101011111010
0010011101111001
0000100000111000
0000100000100000
0010011101111001
0000100000111000
0000100000100000
0010011101111001
0000100111000100
0000101010101010
0010011101111001
0000100000011100
0000100000111000
0010011101111001
0000100000011100
0000100000111000
0010011101111001
0000100110011110
0000101011000101
0010011101111001
0000100000100000
0000100000111100
0010011101111001
0000100000100000
0000100000111100
0010011101111001
0000101100100101
0000101011001001
0010011101111001
0000010000101100
0000100000111000
0010011101111001
0000010000101100
0000100000111000
0010011101111001
0000010010110011
0000101011001100
0010011101111001
0000100000001100
0000100000100000
0010011101111001
0000100000001100
0000100000100000
0010011101111001
0000100110001010
0000101010100110
0010011101111001
0000100001000100
0000100001000100
0010011101111001
0000100001000100
0000100001000100
0010011101111001
0000100111001110
0000101011011001
0010011101111001
0000100000010100
0000100000111100
0010011101111001
0000100000010100
0000100000111100
0010011101111001
0000100110010011
0000101011001010
0010011101111001
0000100000101100
0000100000101100
0010011101111001
0000111001000100
0000111001010000
0010011101111001
0001010111100010
0001101010010010
0010011101111001
0000100000011000
0000100000000100
0010011101111001
0000100000011000
0000100000000100
0010011101111001
0000100110011111
0000101010000111
0010011101111001
0000100000010000
0000011111111100
0010011101111001
0000100000010000
0000011111111100
0010011101111001
0000100110010101
0000101001111100
0010011101111001
0000010000010100
0000100000100000
0010011101111001
0000010000010100
0000100000100000
0010011101111001
0000010010010100
0000101010100111
0010011101111001
0000011111110100
0000011111010100
0010011101111001
0000011111110100
0000011111010100
0010011101111001
0000100101110101
0000101001001001
0010011101111001
0000100010000101
0000100010100111
0010011101111001
0000100001011001
0000100001110010
0010011101111001
0000100011000101
0000110100000100
0010011101111001
0000100000000001
0000010111000011
0010011101111001
0000011101110000
0000010111000100
0010011101111001
0000100011111011
0000100111110001
0010011101111001
0000011010101001
0000010100011000
0010011101111001
0000011110111001
0000011100100011
0010011101111001
0000100111001101
0000110010111100
0010011101111001
0000100001000010
0000100001000011
0010011101111001
0000100000100111
0000100000100111
0010011101111001
0000100110011001
0000110010011100
0010011101111001
0000100000110101
0000100001001011
0010011101111001
0000100000011100
0000100000011101
0010011101111001
0000100110001110
0000111000000010
0010011101111001
0000100000111001
0000100000101000
0010011101111001
0000100000111101
0000100000110110
0010011101111001
0000100111010001
0000110011100000
0010011101111001
0000100000011100
0000011100101101
0010011101111001
0000100000010100
0000011110101011
0010011101111001
0000100110001101
0000110010111110
0010011101111001
0000100000011111
0000100000111100
0010011101111001
0000100100100001
0000011100101101
0010011101111001
0000100010011000
0000101000101010
0010011101111001
0000010100101111
0000011110101000
0010011101111001
0000011100100100
0000011100001011
0010011101111001
0000100110011011
0000110001111011
0010011101111001
0000100000000011
0000100000100010
0010011101111001
0000011101110111
0000011100011100
0010011101111001
0000100001110010
0000100110011011
0010011101111001
0000100000111100
0000100000111101
0010011101111001
0000101101001000
0000101101010111
0010011101111001
0000101101000110
0000111001100001
0010011101111001
0000100000010001
0000100000110000
0010011101111001
0000100000010001
0000100110011101
0010011101111001
0000101100011111
0001000100100001
0010011101111001
0000011110101100
0000011100101010
0010011101111001
0000110000111110
0000011010101000
0010011101111001
0000111011000111
0000011010100010
0010011101111001
0000100000010110
0000011110000011
0010011101111001
0000100000001111
0000011100000110
0010011101111001
0000100110001001
0000101100001011
0010011101111001
0000100000010101
0000100000000100
0010011101111001
0000100000011111
0000100110010110
0010011101111001
0000101100110000
0001000100110000
0010011101111001
0000010100010000
0000100000010110
0010011101111001
0000011110000100
0000101100001011
0010011101111001
0000101001111011
0000110111100100
0010011101111001
0000011111110000
0000011111010000
0010011101111001
0000011111100011
0000011111001001
0010011101111001
0000100101010110
0000110000100100
0010011101111001
0000010100101000
0000010110111101
0010011101111001
0000011010110001
0000011100111001
0010011101111001
0000101001000100
0000111001011101
0010011101111001
0000011101011010
0000011000111111
0010011101111001
0000100111111001
0000011101001000
0010011101111001
0000101011111111
0000110011111100
0010011101111001
0000100001000010
0000011010100101
0010011101111001
0000011111000000
0000010110011111
0010011101111001
0000100011000100
0000100010101011
0010011101111001
0000100000001111
0000011111111100
0010011101111001
0000100000011111
0000100000001110
0010011101111001
0000100010101010
0000110010101101
0010011101111001
0000011100010000
0000011000010001
0010011101111001
0000011110100011
0000100010011011
0010011101111001
0000101100111101
0000110010110101
0010011101111001
0000100001000100
0000100000101111
0010011101111001
0000100000101111
0000100000100001
0010011101111001
0000100110100000
0000110010100001
0010011101111001
0000011000000111
0000011000010010
0010011101111001
0000010110001100
0000011100010100
0010011101111001
0000011010001011
0000110000100010
0010011101111001
0000011110000000
0000011100001111
0010011101111001
0000100101111110
0000100010010101
0010011101111001
0000110010000111
0000110010100010
0010011101111001
0000100000001001
0000011111111011
0010011101111001
0000100000000010
0000110001101010
0010011101111001
0000100001110111
0000111101010110
0010011101111001
0000011110001101
0000011100011100
0010011101111001
0000100000000101
0000011110001001
0010011101111001
0000100101111111
0000101011101111
0010011101111001
0000100000110011
0000100000110101
0010011101111001
0000100000010101
0000100000001111
0010011101111001
0000100010000011
0000110001101101
0010011101111001
0000100000100100
0000011110101111
0010011101111001
0000100110100000
0000011100100010
0010011101111001
0000101100010001
0000101100100000
0010011101111001
0000010010010001
0000010000001100
0010011101111001
0000010110010011
0000011010001010
0010011101111001
0000011110011011
0000101010001011
0010011101111001
0000100000001001
0000011110010011
0010011101111001
0000100000000101
0000100110010100
0010011101111001
0000100001111111
0000101100010011
0010011101111001
0000100000011001
0000100000000101
0010011101111001
0000100110010110
0000011111101110
0010011101111001
0000100010000111
0000110001001001
0010011101111001
0000010011111001
0000010111110100
0010011101111001
0000010101110100
0000011011110111
0010011101111001
0000011101110100
0000110001110100
0010011101111001
0000011111011110
0000011111010110
0010011101111001
0000011011011100
0000011111011110
0010011101111001
0000011001011011
0000101111001110
0010011101111001
0000010100010111
0000011000011100
0010011101111001
0000011100011011
0000011100001111
0010011101111001
0000011010010111
0000110010011001
0010011101111001
0000100001000100
0000100000111001
0010011101111001
0000101101001101
0000100000110100
0010011101111001
0000101101010000
0000110011001110
0010011101111001
0000011110111010
0000011100110111
0010011101111001
0000101101010000
0000101111100011
0010011101111001
0000101101010001
0000111100000011
0010011101111001
0000010100100000
0000011000011110
0010011101111001
0000011010101111
0000011100101111
0010011101111001
0000100111000001
0000110011101000
0010011101111001
0000100000101100
0000100000100111
0010011101111001
0000100110110011
0000100000100011
0010011101111001
0000101101001001
0000110010110101
0010011101111001
0000100000010110
0000100000001111
0010011101111001
0000011110011111
0000011010010001
0010011101111001
0000100010100001
0000100000010110
0010011101111001
0000011000010001
0000100000010011
0010011101111001
0000100010011100
0000100110011110
0010011101111001
0000111000100111
0000101010100001
0010011101111001
0000100000011101
0000100000100000
0010011101111001
0000100000101100
0000100110111001
0010011101111001
0000100110111101
0001000101110011
0010011101111001
0000011000000011
0000100000000100
0010011101111001
0000011010010110
0000101000001010
0010011101111001
0000100010011110
0000101100001010
0010011101111001
0000100000001011
0000011110000000
0010011101111001
0000011110011001
0000101000001011
0010011101111001
0000100010100110
0000101100011110
0010011101111001
0000011000001010
0000100000000110
0010011101111001
0000011100011011
0000100000101100
0010011101111001
0000100110100101
0000110011010011
0010011101111001
0000011111111101
0000100000000000
0010011101111001
0000100101111101
0000011111110110
0010011101111001
0000100101111010
0000110111011001
0010011101111001
0000011100101011
0000100000101010
0010011101111001
0000011010100111
0000011100101101
0010011101111001
0000010110011001
0000100110110000
0010011101111001
0000010100000111
0000011110010101
0010011101111001
0000011000010010
0000100000010001
0010011101111001
0000100000011010
0000110010001001
0010011101111001
0000010100000111
0000010111111001
0010011101111001
0000011010001010
0000011100010000
0010011101111001
0000100110001010
0000110010010111
0010011101111001
0000100000001100
0000100000011101
0010011101111001
0000100000010011
0000100000011110
0010011101111001
0000100010011101
0000110010110001
0010011101111001
0000010011110110
0000011111011011
0010011101111001
0000011011110010
0000101011011111
0010011101111001
0000100101101100
0001001111010110
0010011101111001
0000010100100111
0000011100101001
0010011101111001
0000011100110010
0000100110111000
0010011101111001
0000100110110111
0000110111000110
0010011101111001
0000100001000110
0000100000111001
0010011101111001
0000011101000101
0000100001000000
0010011101111001
0000100001001011
0000110011100011
0010011101111001
0000011110110100
0000011100110000
0010011101111001
0000011100110110
0000011000101010
0010011101111001
0000101001011011
0000100111001010
0010011101111001
0000011110111010
0000011101001111
0010011101111001
0000010110100110
0000010100100111
0010011101111001
0000010110100000
0000011010100010
0010011101111001
0000100001000101
0000100000111101
0010011101111001
0000100111010010
0000100001000111
0010011101111001
0000100011001001
0000110011101010
0010011101111001
0000011110010110
0000011010011111
0010011101111001
0000011100011011
0000100000101110
0010011101111001
0000011110010111
0000110011000100
0010011101111001
0000011000010101
0000100000101111
0010011101111001
0000011010011101
0000100000100110
0010011101111001
0000011110101100
0000110010101010
0010011101111001
0000100000011101
0000100000010011
0010011101111001
0000101110011001
0000100000000001
0010011101111001
0000111100011101
0000110001111100
0010011101111001
0000011110010000
0000011010000011
0010011101111001
0000101000010111
0000011100001100
0010011101111001
0000100100010001
0000101100010111
0010011101111001
0000011110011100
0000011100000111
0010011101111001
0000100000010001
0000100000001001
0010011101111001
0000100101111100
0000110010010000
0010011101111001
0000011110011000
0000011100011100
0010011101111001
0000011100011110
0000011000011111
0010011101111001
0000100010100101
0000100110111010
0010011101111001
0000011101111101
0000011011100110
0010011101111001
0000011100001011
0000011111111000
0010011101111001
0000100010010111
0000101100011100
0010011101111001
0000010010001000
0000011100011010
0010011101111001
0000011100010100
0000100000100011
0010011101111001
0000100110011100
0000110010110010
0010011101111001
0000100000011101
0000100000000111
0010011101111001
0000011100011110
0000101100010101
0010011101111001
0000011100100010
0000111000100111
0010011101111001
0000011110010111
0000011100010110
0010011101111001
0000011100011010
0000011000011111
0010011101111001
0000011110001101
0000100110110010
0010011101111001
0000011000100100
0000100000011111
0010011101111001
0000011100100100
0000100000100000
0010011101111001
0000100110110000
0000111001000000
0010011101111001
0000011111100100
0000011111001111
0010011101111001
0000011111100110
0000100011000101
0010011101111001
0000100101110100
0000101111011000
0010011101111001
0000100000100010
0000100000111010
0010011101111001
0000100100101001
0000011100110111
0010011101111001
0000101110111111
0000100111001100
0010011101111001
0000011101000000
0000100000111010
0010011101111001
0000100011000000
0000100000111010
0010011101111001
0000100111000001
0000110011011000
0010011101111001
0000100001001000
0000011100111000
0010011101111001
0000100111011011
0000011111000110
0010011101111001
0000100111010011
0000110011111001
0010011101111001
0000011010101111
0000011100110000
0010011101111001
0000100001001100
0000100001000100
0010011101111001
0000101000000111
0000110100000001
0010011101111001
0000010100100111
0000011000011000
0010011101111001
0000011010011110
0000011100010001
0010011101111001
0000100110011111
0000110010011010
0010011101111001
0000011100000100
0000100000001111
0010011101111001
0000100000001011
0000011111111101
0010011101111001
0000100110001111
0000110001101100
0010011101111001
0000100000111001
0000100000100111
0010011101111001
0000100110111110
0000100000110100
0010011101111001
0000110011001000
0000110011010110
0010011101111001
0000011100001100
0000011110000101
0010011101111001
0000101100100110
0000011100010100
0010011101111001
0000101101000000
0000101100101110
0010011101111001
0000011100001011
0000100000001000
0010011101111001
0000101100011001
0000100000001000
0010011101111001
0000101100111101
0000110010011001
0010011101111001
0000011101101000
0000011100000100
0010011101111001
0000011011101111
0000011000000100
0010011101111001
0000100001111101
0000100110001110
0010011101111001
0000011100010111
0000100000011100
0010011101111001
0000011000000000
0000101100001011
0010011101111001
0000011101111110
0000110111111010
0010011101111001
0000011110100110
0000011100110000
0010011101111001
0000011100101010
0000011000101111
0010011101111001
0000100010100100
0000100110111111
0010011101111001
0000100000011100
0000011100011000
0010011101111001
0000100000100110
0000100010011100
0010011101111001
0000100110110101
0001001000110111
0010011101111001
0000010100011011
0000011100100000
0010011101111001
0000011110101001
0000011110110010
0010011101111001
0000100110111010
0000110011100001
0010011101111001
0000010110001011
0000010110010010
0010011101111001
0000011000010010
0000010001111010
0010011101111001
0000100010001100
0000011111011011
0010011101111001
0000100000101010
0000100000101111
0010011101111001
0000100000100001
0000100110111100
0010011101111001
0000100110011111
0000110011001101
0010011101111001
0000100000011101
0000011110001000
0010011101111001
0000100000011101
0000100100001001
0010011101111001
0000101000100010
0000110010001000
0010011101111001
0000011111001100
0000011101010011
0010011101111001
0000100001000010
0000100001011000
0010011101111001
0000101100111110
0000110011110110
0010011101111001
0000100001000001
0000100001010000
0010011101111001
0000100000111010
0000100001010001
0010011101111001
0000101101001000
0000110011110101
0010011101111001
0000011110100001
0000011101001000
0010011101111001
0000011010010000
0000010100101011
0010011101111001
0000011010011100
0000011010101111
0010011101111001
0000100010100110
0000100001010111
0010011101111001
0000100010010011
0000100001010001
0010011101111001
0000100111110110
0000110011101001
0010011101111001
0000011110001110
0000011100001101
0010011101111001
0000011100010011
0000011000010111
0010011101111001
0000011110011001
0000100110110001
0010011101111001
0000100000000010
0000100000000101
0010011101111001
0000100000000100
0000100000001011
0010011101111001
0000100110010010
0000111000010000
0010011101111001
0000011100100010
0000100000101011
0010011101111001
0000011000100000
0000100000011101
0010011101111001
0000011110100101
0000110010100001
0010011101111001
0000011100110101
0000010110100001
0010011101111001
0000011110011011
0000011000010010
0010011101111001
0000100110001000
0000101100000001
0010011101111001
0000100001011001
0000100000110011
0010011101111001
0000011011001000
0000011100110100
0010011101111001
0000010110101100
0000100110111000
0010011101111001
0000100000000010
0000100000000000
0010011101111001
0000011011110111
0000011111100111
0010011101111001
0000011101110010
0000110001001010
0010011101111001
0000011100010110
0000011110011001
0010011101111001
0000010100001010
0000011100001100
0010011101111001
0000010110000000
0000101011111100
0010011101111001
0000100000001000
0000100000010001
0010011101111001
0000100000001110
0000100000000010
0010011101111001
0000100010010111
0000110001110110
0010011101111001
0000100000110111
0000011110111110
0010011101111001
0000100000100000
0000100100110110
0010011101111001
0000101100001010
0000110010101101
0010011101111001
0000011100110011
0000100000110101
0010011101111001
0000011000100010
0000100000011010
0010011101111001
0000011110011010
0000110010001111
0010011101111001
0000011111111000
0000011001101000
0010011101111001
0000100101111100
0000011010000000
0010011101111001
0000110001111000
0000101100010000
0010011101111001
0000100000011001
0000100000100000
0010011101111001
0000100000011011
0000100000010101
0010011101111001
0000100110100000
0000110010010101
0010011101111001
0000010100001000
0000011111111001
0010011101111001
0000011000000101
0000100010000101
0010011101111001
0000010101111101
0001000000010101
0010011101111001
0000100000101000
0000011100100111
0010011101111001
0000110000111001
0000011010010010
0010011101111001
0000101110111001
0000100110010111
0010011101111001
0000100000111000
0000011110111011
0010011101111001
0000100110110011
0000011100111000
0010011101111001
0000100110101110
0000101101011111
0010011101111001
0000010110100101
0000011100101110
0010011101111001
0000100000111000
0000100000111011
0010011101111001
0000101001001101
0000110011100101
0010011101111001
0000100000110101
0000011100101101
0010011101111001
0000011100101010
0000011110101111
0010011101111001
0000011110100010
0000110011000100
0010011101111001
0000011000011100
0000011110011110
0010011101111001
0000100010110011
0000100000100001
0010011101111001
0000110010111110
0000110010100011
0010011101111001
0000100000100010
0000011110010010
0010011101111001
0000100000010111
0000101110010110
0010011101111001
0000100110001111
0000111000001111
0010011101111001
0000100000100101
0000100000101000
0010011101111001
0000011100100010
0000100000111010
0010011101111001
0000011110011001
0000110011010111
0010011101111001
0000011111101110
0000011011101001
0010011101111001
0000011111111000
0000100011101101
0010011101111001
0000100110000100
0001000011100111
0010011101111001
0000010001110001
0000011011101101
0010011101111001
0000011011101011
0000011111101001
0010011101111001
0000100101100001
0000110001011011
0010011101111001
0000011011111011
0000011011101110
0010011101111001
0000011111110101
0000011101101000
0010011101111001
0000100101110000
0000110001010010
0010011101111001
0000011100001010
0000100000010001
0010011101111001
0000011111110111
0000100000000110
0010011101111001
0000100101100101
0000110001110100
0010011101111001
0000011000000000
0000011101110011
0010011101111001
0000011011110101
0000011011111010
0010011101111001
0000100001110100
0000101011111011
0010011101111001
0000100000000011
0000011100000010
0010011101111001
0000100110000110
0000011101111011
0010011101111001
0000100110001101
0000110001111000
0010011101111001
0000100000010000
0000011110000111
0010011101111001
0000011111111110
0000011110000011
0010011101111001
0000100101110010
0000110001110111
0010011101111001
0000011111101111
0000100000000010
0010011101111001
0000100101011100
0000011111101000
0010011101111001
0000110001010010
0000110001001110
0010011101111001
0000100000101000
0000100000001111
0010011101111001
0000101100110110
0000100110011001
0010011101111001
0000101100100111
0001010000111011
0010011101111001
0000010010000000
0000001111111101
0010011101111001
0000010110000111
0000011011110100
0010011101111001
0000011010000111
0000110001100100
0010011101111001
0000011110110110
0000011000101010
0010011101111001
0000100010111000
0000100111001010
0010011101111001
0000101011000101
0000110111110101
0010011101111001
0000011100111011
0000100001010111
0010011101111001
0000011001000101
0000100001011010
0010011101111001
0000100101101111
0000110100001011
0010011101111001
0000011100111110
0000100001001010
0010011101111001
0000100101001001
0000100001001100
0010011101111001
0000100101010110
0000110011111100
0010011101111001
0000011100010100
0000100000010001
0010011101111001
0000011110011100
0000100111111111
0010011101111001
0000100010100111
0000101011111110
0010011101111001
0000100000000110
0000011101111110
0010011101111001
0000100000000110
0000011010000001
0010011101111001
0000100110000101
0000101010000010
0010011101111001
0000011111111011
0000011111101000
0010011101111001
0000011101111011
0000011011101011
0010011101111001
0000100101111100
0000100101101100
0010011101111001
0000011011111000
0000100000010000
0010011101111001
0000011111111100
0000011110001000
0010011101111001
0000100110001100
0000101100010001
0010011101111001
0000011100001100
0000011000001101
0010011101111001
0000011010000100
0000100010000011
0010011101111001
0000011010000001
0001000011111001
0010011101111001
0000011111110110
0000100000001110
0010011101111001
0000011111111101
0000011110011000
0010011101111001
0000100101111010
0000110000001111
0010011101111001
0000011111101111
0000011111101000
0010011101111001
0000011111110101
0000011111101101
0010011101111001
0000100101111000
0000110001100001
0010011101111001
0000100000000010
0000100000010000
0010011101111001
0000100000001100
0000100000010111
0010011101111001
0000101000000101
0000110010011001
0010011101111001
0000011000000011
0000100000010101
0010011101111001
0000011100001000
0000100000011110
0010011101111001
0000100110000101
0000110010110010
0010011101111001
0000100000001010
0000100000000111
0010011101111001
0000100011111011
0000011100000011
0010011101111001
0000101001101110
0000100101111100
0010011101111001
0000011101110111
0000010101111000
0010011101111001
0000011011111001
0000010101111101
0010011101111001
0000100001110110
0000100101110100
0010011101111001
0000011111110011
0000011001111001
0010011101111001
0000100000000100
0000011010010100
0010011101111001
0000100101111111
0000101100101100
0010011101111001
0000100000010110
0000100000100110
0010011101111001
0000100000010111
0000100110010001
0010011101111001
0000100110011101
0000110001110100
0010011101111001
0000010001111101
0000011001101111
0010011101111001
0000010101111000
0000001111110111
0010011101111001
0000011001110001
0000010011101110
0010011101111001
0000011100110111
0000100001000000
0010011101111001
0000100001010101
0000100001001101
0010011101111001
0000100111110011
0000110100010001
0010011101111001
0000011101010011
0000100001011111
0010011101111001
0000100001001011
0000100001010110
0010011101111001
0000100010110100
0000110011101101
0010011101111001
0000100001101001
0000100001010110
0010011101111001
0000011101100001
0000100001001101
0010011101111001
0000011111100001
0000110011100011
0010011101111001
0000011110100110
0000011100010111
0010011101111001
0000100000011110
0000100000001010
0010011101111001
0000100110011101
0000110001111110
0010011101111001
0000011100000110
0000011110001111
0010011101111001
0000010011111111
0000100100010001
0010011101111001
0000010001111011
0000110010011000
0010011101111001
0000011011111101
0000010111111110
0010011101111001
0000011110001000
0000010011111110
0010011101111001
0000011110001100
0000010101111101
0010011101111001
0000100000011000
0000011110011000
0010011101111001
0000100000011100
0000100000101110
0010011101111001
0000100110010100
0000110011010001
0010011101111001
0000010100001011
0000100000001111
0010011101111001
0000011100011010
0000011110010110
0010011101111001
0000100010011111
0000101100011101
0010011101111001
0000011001110111
0000011001101100
0010011101111001
0000010100001101
0000011110001010
0010011101111001
0000011010010101
0000101100111010
0010011101111001
0000011111111011
0000011011110111
0010011101111001
0000011111111100
0000100011101011
0010011101111001
0000100101111110
0001000011001001
0010011101111001
0000011000000000
0000011111110000
0010011101111001
0000100010000100
0000011111110110
0010011101111001
0000100110000101
0000110001111011
0010011101111001
0000010111110111
0000010010000110
0010011101111001
0000010011110001
0000010001110100
0010011101111001
0000011001110011
0000011111101001
0010011101111001
0000010101110111
0000011011111011
0010011101111001
0000011011100111
0000011111110010
0010011101111001
0000100101011100
0000110111100100
0010011101111001
0000011111110010
0000011111101001
0010011101111001
0000011111111000
0000011111111010
0010011101111001
0000100101111111
0000110010001011
0010011101111001
0000011111100100
0000100000010110
0010011101111001
0000011111101001
0000100000010100
0010011101111001
0000100101110100
0000110010100100
0010011101111001
0000011110011011
0000011011111110
0010011101111001
0000011100011000
0000010110010010
0010011101111001
0000100010010110
0000100100100101
0010011101111001
0000010110000010
0000011011110010
0010011101111001
0000011100011111
0000100000001001
0010011101111001
0000100110110001
0000111000110001
0010011101111001
0000100001001110
0000100001100011
0010011101111001
0000100000110110
0000011111010101
0010011101111001
0000100010110100
0000101101110101
0010011101111001
0000100000110010
0000100000110110
0010011101111001
0000100001000011
0000011110110111
0010011101111001
0000100111100001
0000101101010101
0010011101111001
0000011101000011
0000011100011011
0010011101111001
0000011100111010
0000011110100001
0010011101111001
0000011110110111
0000110010111011
0010011101111001
0000011110010110
0000011100001100
0010011101111001
0000011100010110
0000011000001110
0010011101111001
0000011110011001
0000100110011010
0010011101111001
0000010000000110
0000011110010011
0010011101111001
0000010100000011
0000011100001010
0010011101111001
0000011110001100
0000110010010010
0010011101111001
0000011001110110
0000011001010100
0010011101111001
0000010011111011
0000011111010110
0010011101111001
0000010110000010
0000110001010110
0010011101111001
0000011111110111
0000011010011010
0010011101111001
0000100000000100
0000011010100110
0010011101111001
0000100110100000
0000110011100000
0010011101111001
0000011000001101
0000011101111110
0010011101111001
0000011100001101
0000011111111101
0010011101111001
0000100110010000
0000110001111101
0010011101111001
0000011100001010
0000011110010101
0010011101111001
0000011010000011
0000101000011000
0010011101111001
0000100010001011
0000110010011110
0010011101111001
0000100000000110
0000011111101011
0010011101111001
0000101100001100
0000011111101111
0010011101111001
0000110010001100
0000110001011101
0010011101111001
0000011111111110
0000100000001110
0010011101111001
0000011111110110
0000011110000110
0010011101111001
0000100101110010
0000101100000101
0010011101111001
0000011001111010
0000010011110101
0010011101111001
0000011110000101
0000011100000000
0010011101111001
0000100110001001
0000110010001010
0010011101111001
0000011111101110
0000011111111000
0010011101111001
0000011111101100
0000100101101111
0010011101111001
0000100101011101
0000110001100001
0010011101111001
0000100000000101
0000011100001000
0010011101111001
0000011111110110
0000011101110101
0010011101111001
0000100001101110
0000110111100000
0010011101111001
0000100000000110
0000100000001011
0010011101111001
0000110010000010
0000011111111001
0010011101111001
0001000100000111
0000110001110000
0010011101111001
0000011100001100
0000010110010100
0010011101111001
0000100100001101
0000100110010101
0010011101111001
0000110010010110
0001000100011101
0010011101111001
0000100000010011
0000011110001001
0010011101111001
0000011111110011
0000100001110111
0010011101111001
0000100101100000
0000101011001100
0010011101111001
0000010100011111
0000010110111011
0010011101111001
0000011010110000
0000011101001011
0010011101111001
0000101101001010
0000110011111011
0010011101111001
0000011111011100
0000011011001011
0010011101111001
0000011101010110
0000011001001010
0010011101111001
0000100011011010
0000100111100111
0010011101111001
0000011101000010
0000100000110010
0010011101111001
0000100001000100
0000100000100001
0010011101111001
0000100010111111
0000110010100110
0010011101111001
0000010100001110
0000011000011111
0010011101111001
0000010110001010
0000011100011100
0010011101111001
0000011110010000
0000110010100110
0010011101111001
0000100000011111
0000100000010011
0010011101111001
0000011110011001
0000100010011111
0010011101111001
0000100010001011
0000101000100110
0010011101111001
0000011100010000
0000100000011111
0010011101111001
0000011110010000
0000011100011010
0010011101111001
0000011110001111
0000100110011001
0010011101111001
0000011100100100
0000100000101110
0010011101111001
0000010100001101
0000100110100101
0010011101111001
0000010110001011
0000110010010110
0010011101111001
0000100000001010
0000011101110110
0010011101111001
0000100000001111
0000101011101011
0010011101111001
0000100110011001
0001001001101011
0010011101111001
0000011100010010
0000011000001101
0010011101111001
0000011110000111
0000011100000001
0010011101111001
0000100101111110
0000110001111001
0010011101111001
0000011111110011
0000011011100110
0010011101111001
0000100101110000
0000011011101000
0010011101111001
0000100101110000
0000101011011100
0010011101111001
0000100000000001
0000011010000111
0010011101111001
0000100000000001
0000011101111000
0010011101111001
0000100101111001
0000110001100100
0010011101111001
0000100000000010
0000100000010100
0010011101111001
0000011011110001
0000100000000011
0010011101111001
0000011101100100
0000110001101101
0010011101111001
0000011111011101
0000011111011001
0010011101111001
0000011111110010
0000011111100000
0010011101111001
0000100110001000
0000110001101000
0010011101111001
0000010111111001
0000011111111110
0010011101111001
0000011011110111
0000100101111000
0010011101111001
0000100101110101
0000110001100110
0010011101111001
0000100000001001
0000100000000000
0010011101111001
0000101100001110
0000011111110111
0010011101111001
0000101100000111
0000110001101000
0010011101111001
0000011110001110
0000011011111110
0010011101111001
0000011100000111
0000011000000100
0010011101111001
0000100001111101
0000100110001100
0010011101111001
0000011111110111
0000011011110100
0010011101111001
0000100000010100
0000011110010011
0010011101111001
0000100110010111
0000110010101011
0010011101111001
0000100001000011
0000011101001100
0010011101111001
0000100111010001
0000100111101001
0010011101111001
0000100111010011
0000111000011001
0010011101111001
0000100000111101
0000100000111110
0010011101111001
0000011010101100
0000011100110000
0010011101111001
0000011010101100
0000100110111010
0010011101111001
0000011000101010
0000100000111001
0010011101111001
0000011000100011
0000100000101101
0010011101111001
0000011110011011
0000110010100110
0010011101111001
0000011100010011
0000100000001101
0010011101111001
0000100000001000
0000101100000110
0010011101111001
0000100101111110
0000110111111110
0010011101111001
0000011101111101
0000011100001101
0010011101111001
0000100000000001
0000100010000111
0010011101111001
0000100110000010
0000110010000011
0010011101111001
0000010110001101
0000011000010000
0010011101111001
0000011100000111
0000011110001000
0010011101111001
0000100101111000
0000110001111101
0010011101111001
0000011010011100
0000011100100011
0010011101111001
0000011100100010
0000011010101001
0010011101111001
0000100010101010
0000101101000011
0010011101111001
0000100000100101
0000100000011110
0010011101111001
0000100000100110
0000101100101110
0010011101111001
0000101100100000
0000111110101100
0010011101111001
0000011011111011
0000011011111101
0010011101111001
0000011000000000
0000011110001000
0010011101111001
0000011110000100
0000110010010111
0010011101111001
0000011111111111
0000011101110011
0010011101111001
0000100010000110
0000011110000100
0010011101111001
0000101001111110
0000101100001101
0010011101111001
0000011101101101
0000011011101010
0010011101111001
0000011011101100
0000010101110110
0010011101111001
0000100001101111
0000011111110100
0010011101111001
0000011011011111
0000011101011101
0010011101111001
0000011111110010
0000011011101011
0010011101111001
0000100110000001
0000101011110000
0010011101111001
0000100000010100
0000100000011101
0010011101111001
0000011111111001
0000011011111100
0010011101111001
0000100101101011
0000100101010110
0010011101111001
0000011111110101
0000011011110001
0010011101111001
0000101001101111
0000011010000101
0010011101111001
0000100011110100
0000100110010100
0010011101111001
0000011100001000
0000011111110110
0010011101111001
0000011000000010
0000011111101110
0010011101111001
0000100011110001
0000110001011001
0010011101111001
0000011111110000
0000100000000010
0010011101111001
0000100101100011
0000100000000011
0010011101111001
0000110001100000
0000110010000110
0010011101111001
0000011110000010
0000011100001111
0010011101111001
0000010110000100
0000010100000100
0010011101111001
0000010110000110
0000011001111100
0010011101111001
0000100000111000
0000100001000001
0010011101111001
0000101101000010
0000011110100001
0010011101111001
0000101100100111
0000101100011010
0010011101111001
0000010110100111
0000011100011111
0010011101111001
0000011000110001
0000100000101101
0010011101111001
0000011110111001
0000111001011001
0010011101111001
0000011000001110
0000100000001001
0010011101111001
0000010100001110
0000100000001001
0010011101111001
0000010110010010
0000110010001011
0010011101111001
0000100000000000
0000100000010011
0010011101111001
0000011011111101
0000101100100100
0010011101111001
0000011101110000
0000111000010111
0010011101111001
0000100000000111
0000011111110010
0010011101111001
0000100100010010
0000011011111110
0010011101111001
0000101010011001
0000100110000101
0010011101111001
0000011111101110
0000011111110111
0010011101111001
0000101011110010
0000101011110001
0010011101111001
0000101100001011
0000110111110110
0010011101111001
0000100000010101
0000011110100000
0010011101111001
0000011111110011
0000011100010000
0010011101111001
0000100101100011
0000101100010100
0010011101111001
0000100000010001
0000100000010001
0010011101111001
0000100110101001
0000100110101111
0010011101111001
0000100111000011
0000110011100001
0010011101111001
0000100000000101
0000100000000000
0010011101111001
0000100000011110
0000011111111001
0010011101111001
0000100111000010
0000110010000001
0010011101111001
0000010111100001
0000011101100110
0010011101111001
0000010011101000
0000011111101101
0010011101111001
0000010001110110
0000110001111000
0010011101111001
0000100000001101
0000011110001101
0010011101111001
0000110000100111
0000101000100001
0010011101111001
0000111100110111
0000101100101010
0010011101111001
0000011100000000
0000010001111101
0010011101111001
0000101011101110
0000010101110010
0010011101111001
0000111101011010
0000101011100000
0010011101111001
0000011001111111
0000011001110111
0010011101111001
0000100000000011
0000011011111100
0010011101111001
0000100010000001
0000101011110011
0010011101111001
0000010001111010
0000011011110101
0010011101111001
0000010011111101
0000110001101000
0010011101111001
0000011101110100
0001100001011100
0010011101111001
0000011111100001
0000011111101110
0010011101111001
0000100101100000
0000011111111100
0010011101111001
0000100101100001
0000110010000100
0010011101111001
0000100000011000
0000100000001101
0010011101111001
0000100000100100
0000100000001000
0010011101111001
0000100110100011
0000110000000100
0010011101111001
0000011001111101
0000011011101111
0010011101111001
0000011101111101
0000100001110000
0010011101111001
0000100010000010
0000110111101001
0010011101111001
0000100000001010
0000011110000101
0010011101111001
0000011101101101
0000100111101111
0010011101111001
0000011101010101
0000101011001101
0010011101111001
0000100000011100
0000100000011000
0010011101111001
0000011011111011
0000111000010001
0010011101111001
0000011101101110
0001011011110111
0010011101111001
0000011100000110
0000100000001001
0010011101111001
0000011001101100
0000011100000100
0010011101111001
0000010101011110
0000100101111001
0010011101111001
0000011011111010
0000011110001001
0010011101111001
0000100000001001
0000011100001010
0010011101111001
0000100110001010
0000101100000010
0010011101111001
0000010110001110
0000011100010010
0010011101111001
0000011100000100
0000100000001111
0010011101111001
0000100101110011
0000110010000101
0010011101111001
0000100000011010
0000100000000010
0010011101111001
0000100000010011
0000011110000100
0010011101111001
0000101100010001
0000101100000100
0010011101111001
0000011011111110
0000011000011100
0010011101111001
0000100100010001
0000011100011111
0010011101111001
0000110010011010
0000101010101001
0010011101111001
0000011000110001
0000011000110000
0010011101111001
0000010010100000
0000100110111101
0010011101111001
0000010110101001
0001001011110110
0010011101111001
0000011010110100
0000011010010000
0010011101111001
0000010100101001
0000010100011010
0010011101111001
0000011010111011
0000100000110111
0010011101111001
0000010100000101
0000100000010111
0010011101111001
0000011100000011
0000100000010001
0010011101111001
0000100110000010
0000110010001010
0010011101111001
0000010110100010
0000011100010100
0010011101111001
0000100010010011
0000100000001110
0010011101111001
0000110010010010
0000110010001011
0010011101111001
0000011111110000
0000100000000000
0010011101111001
0000100000000010
0000011111111011
0010011101111001
0000100110000101
0000110001110001
0010011101111001
0000010100000011
0000011100000110
0010011101111001
0000010000010100
0000100010110001
0010011101111001
0000010110011001
0000111111100101
0010011101111001
0000011111110011
0000011111111110
0010011101111001
0000100011110111
0000100001111111
0010011101111001
0000101001111000
0000100101111110
0010011101111001
0000011101101101
0000011011110011
0010011101111001
0000011011111011
0000010111110111
0010011101111001
0000100001111110
0000101100000001
0010011101111001
0000100000000011
0000100000000010
0010011101111001
0000100000000001
0000110010001010
0010011101111001
0000100110000010
0000111110100101
0010011101111001
0000011010000101
0000011011100000
0010011101111001
0000011000000001
0000011111100100
0010011101111001
0000011101110010
0000110001010000
0010011101111001
0000010100110011
0000010101000010
0010011101111001
0000011000000101
0000010100110000
0010011101111001
0000011111010110
0000011101111000
0010011101111001
0000011001100110
0000010111101101
0010011101111001
0000011011000111
0000010101011100
0010011101111001
0000100000001101
0000100100011110
0010011101111001
0000010001101000
0000011011101010
0010011101111001
0000011011010001
0000011111011001
0010011101111001
0000100100101100
0000110000111000
0010011101111001
0000010111110110
0000010111110101
0010011101111001
0000010101101110
0000011011101101
0010011101111001
0000011101011001
0000110001010001
0010011101111001
0000011111100001
0000011111100001
0010011101111001
0000011111100001
0000011111011100
0010011101111001
0000100101010100
0000110001001001
0010011101111001
0000100000001100
0000011110001000
0010011101111001
0000100101111100
0000011111111110
0010011101111001
0000100101100010
0000110001101110
0010011101111001
0000100000011011
0000100000111010
0010011101111001
0000011110011100
0000011010110011
0010011101111001
0000011110011101
0000100000111000
0010011101111001
0000011000110010
0000011100101110
0010011101111001
0000011010111011
0000011100110101
0010011101111001
0000100011010000
0000101101010101
0010011101111001
0000100001000110
0000100000111100
0010011101111001
0000100001001010
0000100111011101
0010011101111001
0000100111010010
0001000110110010
0010011101111001
0000011110011001
0000011010010110
0010011101111001
0000011010101100
0000001110010110
0010011101111001
0000011110111101
0000001010010110
0010011101111001
0000100000000010
0000011111100111
0010011101111001
0000100000001000
0000100101011110
0010011101111001
0000100110000101
0001000011000111
0010011101111001
0000011011110011
0000011101110001
0010011101111001
0000010110000001
0000010111110111
0010011101111001
0000011010011001
0000011111111111
0010011101111001
0000011011111101
0000011101110110
0010011101111001
0000011111110010
0000011111110101
0010011101111001
0000100101101101
0000110001111011
0010011101111001
0000010001111010
0000010111111010
0010011101111001
0000010010000010
0000010111111111
0010011101111001
0000011010001100
0000100000000110
0010011101111001
0000011111111111
0000100000001100
0010011101111001
0000100000000011
0000110010011110
0010011101111001
0000100010001001
0000111110101010
0010011101111001
0000011111111001
0000011110000111
0010011101111001
0000011101101101
0000010111110101
0010011101111001
0000100001100111
0000011111100111
0010011101111001
0000011001101010
0000011011100001
0010011101111001
0000011111101011
0000010111111000
0010011101111001
0000011100000001
0000101100010010
0010011101111001
0000011100010110
0000011010000111
0010011101111001
0000100000101110
0000011111010111
0010011101111001
0000101011100110
0000110100000111
0010011101111001
0000011101100101
0000011101111000
0010011101111001
0000011101101001
0000011101011001
0010011101111001
0000100101001111
0000101110000110
0010011101111001
0000011110010111
0000011111001110
0010011101111001
0000011101010011
0000011110001111
0010011101111001
0000100010011110
0000101110010011
0010011101111001
0000011110111001
0000011110111111
0010011101111001
0000100100001000
0000011110100101
0010011101111001
0000101111001110
0000101111011001
0010011101111001
0000010111011100
0000010001101100
0010011101111001
0000010101010101
0000010101010011
0010011101111001
0000011100101000
0000101010001101
0010011101111001
0000011001100001
0000011011110110
0010011101111001
0000001101101100
0000010011110010
0010011101111001
0000001101011100
0000011001011010
0010011101111001
0000010110100000
0000011010110101
0010011101111001
0000011010010101
0000011100110000
0010011101111001
0000100010000101
0000100110101100
0010011101111001
0000011101000011
0000011110111001
0010011101111001
0000010100101101
0000100001000000
0010011101111001
0000010110011101
0000110011011110
0010011101111001
0000011100110000
0000010110110010
0010011101111001
0000011000101011
0000011000100101
0010011101111001
0000011010100001
0000100010100100
0010011101111001
0000011110110100
0000011010101001
0010011101111001
0000101100111101
0000101100110110
0010011101111001
0000101100101101
0000111000110100
0010011101111001
0000011111111111
0000011111101011
0010011101111001
0000100000000110
0000011111101100
0010011101111001
0000100110001111
0000110001100100
0010011101111001
0000011110011110
0000011100001110
0010011101111001
0000101100011100
0000100000010000
0010011101111001
0000101100010000
0000110010010110
0010011101111001
0000011111101100
0000011101111010
0010011101111001
0000101011011100
0000011111100010
0010011101111001
0000101011011010
0000110111000000
0010011101111001
0000011110000011
0000010111110110
0010011101111001
0000101100000100
0000100111110001
0010011101111001
0000101100001100
0000110010000001
0010011101111001
0000001110000010
0000010100001000
0010011101111001
0000001101110110
0000010011111011
0010011101111001
0000010111100110
0000100101110000
0010011101111001
0000011101110101
0000011011101101
0010011101111001
0000100101111111
0000011111110100
0010011101111001
0000110001111101
0000110001110000
0010011101111001
0000011000000001
0000011111111100
0010011101111001
0000011101110001
0000100111101110
0010011101111001
0000100011101110
0000110111001010
