0010011101111001
0000010100011000
0000101000101000
0010011101111001
0000010100011000
0000101000101000
0010011101111001
0000010110111010
0000110101010011
0010011101111001
0000101000001000
0000100111111000
0010011101111001
0000101000001000
0000100111111000
0010011101111001
0000101111101101
0000110100010111
0010011101111001
0000101000101000
0000101000101000
0010011101111001
0000101000101000
0000101000101000
0010011101111001
0000110000001101
0000110101010010
0010011101111001
0000101000010000
0000100111101100
0010011101111001
0000101000010000
0000100111101100
0010011101111001
0000101111110100
0000110100001000
0010011101111001
0000100111111000
0000100111101100
0010011101111001
0000100111111000
0000100111101100
0010011101111001
0000101111010110
0000110100001000
0010011101111001
0000100110111000
0000100111010000
0010011101111001
0000100110111000
0000100111010000
0010011101111001
0000101110001010
0000110011011111
0010011101111001
0000100111100100
0000100110110100
0010011101111001
0000100111100100
0000100110110100
0010011101111001
0000101111000011
0000110010111111
0010011101111001
0000100110101000
0000100110110000
0010011101111001
0000100110101000
0000100110110000
0010011101111001
0000101101110101
0000110010110100
0010011101111001
0000100110110100
0000100110100000
0010011101111001
0001000011111100
0000100110100000
0010011101111001
0001101000010110
0000110010100011
0010011101111001
0000100110101000
0000011101000100
0010011101111001
0000100110101000
0000011101000100
0010011101111001
0000101101110111
0000100110110000
0010011101111001
0000100110101000
0000100110101100
0010011101111001
0000100110101000
0000100110101100
0010011101111001
0000101101111000
0000110010110001
0010011101111001
0000100111001000
0000100111100100
0010011101111001
0000100111001000
0000100111100100
0010011101111001
0000101110011001
0000110011110110
0010011101111001
0000101000011100
0000101000100000
0010011101111001
0001000110111100
0000101000100000
0010011101111001
0001101101000100
0000110101001100
0010011101111001
0000101001010100
0000101001010000
0010011101111001
0000101001010100
0000101001010000
0010011101111001
0000110001000100
0000110110001000
0010011101111001
0000011111101100
0000010101100100
0010011101111001
0000011111101100
0000010101100100
0010011101111001
0000100111100110
0000011101100110
0010011101111001
0000101010111000
0000101010100100
0010011101111001
0000101010111000
0001001010011000
0010011101111001
0000110010111100
0010001010000100
0010011101111001
0000101010010100
0000101010010100
0010011101111001
0000101010010100
0000101010010100
0010011101111001
0000110010010001
0000110111100001
0010011101111001
0000010100010100
0000101000011000
0010011101111001
0000010100001101
0000101000000001
0010011101111001
0000010110101000
0001000101110111
0010011101111001
0000101000000011
0000100101011010
0010011101111001
0000100111111100
0000100011000000
0010011101111001
0000101111010010
0000110111000010
0010011101111001
0000100011011100
0000101000011010
0010011101111001
0000011101111011
0000100111111101
0010011101111001
0000100000000010
0000111101111111
0010011101111001
0000101000000000
0000100111100011
0010011101111001
0000100111100111
0000110110011000
0010011101111001
0000101001111110
0001000100111111
0010011101111001
0000100111100011
0000100111011011
0010011101111001
0000100010000110
0000110101110111
0010011101111001
0000011111010110
0001000011101100
0010011101111001
0000100110110110
0000100111001000
0010011101111001
0000100110101110
0000101110010001
0010011101111001
0000101101110011
0001010010101011
0010011101111001
0000100111010011
0000100110101010
0010011101111001
0000100010000001
0000100110011110
0010011101111001
0000100100001101
0000111100000001
0010011101111001
0000100001101100
0000100110100100
0010011101111001
0000011111000010
0000100110010010
0010011101111001
0000110001111101
0000111011100111
0010011101111001
0000100110110100
0000100110100000
0010011101111001
0000101001001100
0000101101101010
0010011101111001
0000100100001101
0001011111111101
0010011101111001
0000100110101000
0000011111011000
0010011101111001
0000110100111000
0000100011110101
0010011101111001
0000110100100010
0000111011010011
0010011101111001
0000100100010001
0000100001110111
0010011101111001
0000100010000101
0000011101001100
0010011101111001
0000101001011010
0000101110011000
0010011101111001
0000100110110111
0000100111010000
0010011101111001
0000100110011101
0000100110110010
0010011101111001
0000110100101000
0000111100010000
0010011101111001
0000101000010011
0000101000011110
0010011101111001
0000111110111010
0000101000011110
0010011101111001
0000111001100111
0000111111001011
0010011101111001
0000101001010001
0000101001010111
0010011101111001
0000111000110011
0000101001100101
0010011101111001
0000111000110110
0000110110101100
0010011101111001
0000011101000101
0000011010110110
0010011101111001
0000011010011111
0000100000000011
0010011101111001
0000100010010111
0000110010100011
0010011101111001
0000100101100001
0000101010100101
0010011101111001
0000100010110100
0000111010101001
0010011101111001
0000101101100000
0001101010110111
0010011101111001
0000101010011110
0000101010010111
0010011101111001
0000100101010110
0000101010010111
0010011101111001
0000101000000110
0001000010000101
0010011101111001
0000010011101111
0000100100111010
0010011101111001
0000010011100001
0000101001110000
0010011101111001
0000010101111001
0000110101101011
0010011101111001
0000100010101110
0000011101110100
0010011101111001
0000100010100100
0000011011001110
0010011101111001
0000101001110100
0000100111011110
0010011101111001
0000011101100111
0000100111110001
0010011101111001
0000100010100110
0000100111110100
0010011101111001
0000101110101001
0000111110000000
0010011101111001
0000011101101110
0000100111011010
0010011101111001
0000011111111011
0000100000000000
0010011101111001
0000100100101011
0000100111010111
0010011101111001
0000011000000101
0000100110011001
0010011101111001
0000011101000010
0000100110101010
0010011101111001
0000100100011010
0000111100101000
0010011101111001
0000100100000110
0000100001111111
0010011101111001
0000100001110101
0000101011100010
0010011101111001
0000101001000111
0000110101010100
0010011101111001
0000100001111111
0000100110100011
0010011101111001
0000100110111100
0000100110101010
0010011101111001
0000101110001100
0000110010111000
0010011101111001
0000100001011011
0000011100110010
0010011101111001
0000101011001011
0000011111001111
0010011101111001
0000101101110011
0000110100110110
0010011101111001
0000100001101010
0000100110010000
0010011101111001
0000100110011110
0000110100100010
0010011101111001
0000101000110011
0001010001001000
0010011101111001
0000011110110101
0000010011000000
0010011101111001
0000011110111110
0000010101100010
0010011101111001
0000101000101010
0000110100011101
0010011101111001
0000100100010000
0000100001111011
0010011101111001
0000100001110010
0000011100110001
0010011101111001
0000101000111101
0000101101010010
0010011101111001
0000100110001110
0000100110101001
0010011101111001
0000101101100110
0000100111001011
0010011101111001
0000101101111000
0000111101111000
0010011101111001
0000011001001001
0000101000101001
0010011101111001
0000011001010110
0000101000111000
0010011101111001
0000100101111001
0000111111111011
0010011101111001
0000101001100101
0000100100101100
0010011101111001
0000101001101110
0000100111011111
0010011101111001
0000110001100101
0001001001100010
0010011101111001
0000100111101100
0000100101011001
0010011101111001
0000101010001101
0000101010011001
0010011101111001
0000110001111100
0001000001110101
0010011101111001
0000101010101010
0000101010101100
0010011101111001
0000101010011110
0000110010101011
0010011101111001
0000111010001101
0001000010100001
0010011101111001
0000100101000101
0000100111011111
0010011101111001
0000100100110100
0000100010000110
0010011101111001
0000100111001110
0000110110111001
0010011101111001
0000010000111111
0000100010001011
0010011101111001
0000001110101001
0000011101010110
0010011101111001
0000010011101000
0000110101110011
0010011101111001
0000100100101001
0000011111011100
0010011101111001
0000100111000100
0000100110101100
0010011101111001
0000101110011000
0000111010000000
0010011101111001
0000100110100000
0000100111000000
0010011101111001
0000100110010111
0000100110111100
0010011101111001
0000101001000001
0001000100011000
0010011101111001
0000010011100001
0000011010111001
0010011101111001
0000010011100100
0000011010110110
0010011101111001
0000011111101000
0000100110111011
0010011101111001
0000100010000010
0000100100011011
0010011101111001
0000100110101110
0000100001111111
0010011101111001
0000101101110111
0000110101010101
0010011101111001
0000100110110011
0000100100011111
0010011101111001
0000100110111010
0000100010010000
0010011101111001
0000101110010110
0000110101110111
0010011101111001
0000100001110101
0000011101001000
0010011101111001
0000100100010111
0000100110101111
0010011101111001
0000101110000001
0001001010111001
0010011101111001
0000011111011110
0000011100110101
0010011101111001
0000100100100001
0000010011010010
0010011101111001
0000100010000010
0000011010011110
0010011101111001
0000011100100110
0000100110001111
0010011101111001
0000100001010100
0000100110001011
0010011101111001
0000101101011000
0000111011101011
0010011101111001
0000100110101001
0000100110011011
0010011101111001
0000100110100111
0000110100110001
0010011101111001
0000101101101101
0001010001101001
0010011101111001
0000100110001011
0000100001100000
0010011101111001
0000100110001011
0000101011010001
0010011101111001
0000110100110010
0001010001110001
0010011101111001
0000100010000101
0000100111101000
0010011101111001
0000011101101001
0000100111111000
0010011101111001
0000100101011110
0000111110110101
0010011101111001
0000101000010111
0000101000110100
0010011101111001
0000101000100001
0000101000111111
0010011101111001
0000110000010110
0001000000010010
0010011101111001
0000101001100011
0000101001101000
0010011101111001
0000100111000001
0000111011110101
0010011101111001
0000101100010111
0001000011110110
0010011101111001
0000100010001011
0000100010011100
0010011101111001
0000010101000101
0000011010010110
0010011101111001
0000010111101111
0000101001110101
0010011101111001
0000100101000000
0000101010000010
0010011101111001
0000100111011001
0000101010000101
0010011101111001
0000100111000100
0001000001101100
0010011101111001
0000100100100011
0000100110110111
0010011101111001
0000101001110101
0000101110101010
0010011101111001
0000110001101010
0001000000101111
0010011101111001
0000010011101011
0000100100110010
0010011101111001
0000011011000100
0000100111010010
0010011101111001
0000011111111110
0000110001001000
0010011101111001
0000100111000111
0000100111000111
0010011101111001
0000100110111110
0000101110010101
0010011101111001
0000101110001010
0000111101000100
0010011101111001
0000011101010101
0000100100101010
0010011101111001
0000100001111011
0000110101101100
0010011101111001
0000110101000010
0000110101011100
0010011101111001
0000100110101001
0000100100011101
0010011101111001
0000100110100110
0000100110111110
0010011101111001
0000101101111010
0000111100111100
0010011101111001
0000100001110000
0000100110101111
0010011101111001
0000011111100001
0000100110101111
0010011101111001
0000101001011010
0000111100100000
0010011101111001
0000100111001000
0000100111000100
0010011101111001
0000101110100011
0000011111110000
0010011101111001
0000100110110111
0000100111000000
0010011101111001
0000100001110110
0000100100011001
0010011101111001
0000011100111110
0000100100001101
0010011101111001
0000100100100000
0000110101000110
0010011101111001
0000100001110011
0000010111111101
0010011101111001
0000100001101111
0000100110010011
0010011101111001
0000101001000000
0000110100101100
0010011101111001
0000100110011110
0000100011111111
0010011101111001
0000110100111000
0000101111111011
0010011101111001
0000110100100001
0000111011110011
0010011101111001
0000100110100010
0000100110101000
0010011101111001
0000100110011111
0000100100001111
0010011101111001
0000101101100000
0000110100111111
0010011101111001
0000100110110100
0000100100101110
0010011101111001
0000101110011111
0000100111101010
0010011101111001
0000101111000111
0001000101110100
0010011101111001
0000101000010110
0000100011110010
0010011101111001
0000100011100001
0000110000101001
0010011101111001
0000100110010000
0001000101010111
0010011101111001
0000100100000011
0000011111001110
0010011101111001
0000100110110111
0000100100011110
0010011101111001
0000110001001101
0000110110101001
0010011101111001
0000100111001101
0000100100011100
0010011101111001
0000101001110011
0000101100010111
0010011101111001
0000110001100011
0001000001011101
0010011101111001
0000100100110101
0000101010000101
0010011101111001
0000101001110001
0000101001110001
0010011101111001
0000110001010001
0001000000101011
0010011101111001
0000101001100011
0000101001100100
0010011101111001
0000100111000000
0000110011111000
0010011101111001
0000101100001011
0000111000111110
0010011101111001
0000100110110101
0000100011111010
0010011101111001
0000100011111001
0000011110100010
0010011101111001
0000101011011000
0000110000000110
0010011101111001
0000010001000111
0000100010001000
0010011101111001
0000010011100100
0000111000000011
0010011101111001
0000010110000001
0001000110110000
0010011101111001
0000100111000010
0000100110110111
0010011101111001
0000100100100111
0000100001110011
0010011101111001
0000101001011101
0000101101110001
0010011101111001
0000100110011011
0000100100010001
0010011101111001
0000101000110010
0000100110110101
0010011101111001
0000100100000110
0000111100110010
0010011101111001
0000100110110100
0000100110111000
0010011101111001
0000101011111000
0000101001010100
0010011101111001
0000111000010000
0001000100001010
0010011101111001
0000100111000010
0000100100011000
0010011101111001
0000100111001001
0000100010001101
0010011101111001
0000110101110111
0000110101111011
0010011101111001
0000011111010011
0000011111010011
0010011101111001
0000110010100101
0000101101101101
0010011101111001
0000110000100101
0000101101110100
0010011101111001
0000100111001110
0000100100101001
0010011101111001
0000100111001110
0000100110111101
0010011101111001
0000101110100010
0000111100101010
0010011101111001
0000100110101010
0000100110101001
0010011101111001
0000100110101000
0000100110110011
0010011101111001
0000101101111000
0000111100101001
0010011101111001
0000100101110100
0000100110000100
0010011101111001
0000100101111100
0000100001011110
0010011101111001
0000101101001111
0000101101101101
0010011101111001
0000100001101100
0000100100111111
0010011101111001
0000011101010110
0000100111101110
0010011101111001
0000100101000000
0000111110001000
0010011101111001
0000101000000111
0000101000010001
0010011101111001
0000101010101001
0000100101111010
0010011101111001
0000110100101011
0000110111110101
0010011101111001
0000011110110110
0000011111001001
0010011101111001
0000011111000101
0000100111001000
0010011101111001
0000011100100100
0001001000111100
0010011101111001
0000101001010001
0000101001001101
0010011101111001
0000110110000100
0000100011111101
0010011101111001
0000110011010010
0000110000110010
0010011101111001
0000101001011110
0000100001111100
0010011101111001
0000101001010011
0000100001101011
0010011101111001
0000110000111111
0000111000110111
0010011101111001
0000101001001101
0000101001000101
0010011101111001
0000100011111101
0000101001000111
0010011101111001
0000100110100011
0001001000000101
0010011101111001
0000100110110001
0000100100000101
0010011101111001
0000101000111011
0000101000111001
0010011101111001
0000110111110000
0000111111100010
0010011101111001
0000101000110011
0000101000010111
0010011101111001
0000100110001010
0000100011001011
0010011101111001
0000101011010001
0000101111101000
0010011101111001
0000010011011010
0000100110110111
0010011101111001
0000010000111100
0000110000011010
0010011101111001
0000010001000010
0000110101011011
0010011101111001
0000100010010011
0000011101011101
0010011101111001
0000100010010000
0000011111110001
0010011101111001
0000101001011000
0000110101011101
0010011101111001
0000100001111101
0000100010000110
0010011101111001
0000110101010110
0000100100100010
0010011101111001
0000110101011101
0000111100110111
0010011101111001
0000100100101010
0000100010001101
0010011101111001
0000100111000101
0000100111001001
0010011101111001
0000101110000110
0000111101000111
0010011101111001
0000100010010101
0000100111011110
0010011101111001
0000100010010100
0000100111011000
0010011101111001
0000011010111101
0000111101010011
0010011101111001
0000100101000111
0000011011001111
0010011101111001
0000100111100011
0000100101000010
0010011101111001
0000101110110110
0000111101100100
0010011101111001
0000100111000111
0000100110110000
0010011101111001
0000100111000000
0000100110101011
0010011101111001
0000101001011101
0000111100011010
0010011101111001
0000100111000010
0000100111001100
0010011101111001
0000100100100100
0000100010001101
0010011101111001
0000101001001111
0000101110000110
0010011101111001
0000011111000111
0000100001101111
0010011101111001
0000110100101011
0000100110100111
0010011101111001
0000110100110010
0000111100011011
0010011101111001
0000100111010010
0000100111011001
0010011101111001
0000100111011010
0000101110110101
0010011101111001
0000101110111010
0001010011111111
0010011101111001
0000011110001111
0000100011011111
0010011101111001
0000101010111011
0000011110100000
0010011101111001
0000101000101011
0000101000111000
0010011101111001
0000010111000111
0000011110110100
0010011101111001
0000110000110011
0000100110100100
0010011101111001
0001000111111110
0001001000000111
0010011101111001
0000100001001010
0000100100000111
0010011101111001
0000011110100000
0000101001001000
0010011101111001
0000100001000000
0000111111111111
0010011101111001
0000101001010000
0000100110101001
0010011101111001
0000101001000110
0000100011110010
0010011101111001
0000101011100010
0000111111100111
0010011101111001
0000100011111100
0000101001001101
0010011101111001
0000100011100111
0000111000001001
0010011101111001
0000100110000000
0001010110001010
0010011101111001
0000101000010011
0000101000010000
0010011101111001
0000101111110011
0000100111111001
0010011101111001
0000101010101111
0000111110000111
0010011101111001
0000100011110000
0000011110010010
0010011101111001
0000100011011010
0000011110001110
0010011101111001
0000101010100000
0000101111101000
0010011101111001
0000001110101011
0000011101001001
0010011101111001
0000001110101011
0000101011101011
0010011101111001
0000010001000011
0000110101001111
0010011101111001
0000100110011011
0000100110011100
0010011101111001
0000100001100011
0000100110101000
0010011101111001
0000100011111100
0000111100101001
0010011101111001
0000100010001010
0000011000011110
0010011101111001
0000100100110110
0000100100111010
0010011101111001
0000101110110000
0001001100001111
0010011101111001
0000100110110000
0000100010010001
0010011101111001
0000101110011010
0000100100110010
0010011101111001
0000111101011111
0000111101011101
0010011101111001
0000011000100100
0000100010010101
0010011101111001
0000011111111001
0000100111010010
0010011101111001
0000101001101110
0001000100101010
0010011101111001
0000100111100111
0000100111101000
0010011101111001
0000100111101001
0000100111011111
0010011101111001
0000101010000100
0000111101100000
0010011101111001
0000011000011100
0000011000011010
0010011101111001
0000011010110101
0000011111110010
0010011101111001
0000100100100110
0000111101000100
0010011101111001
0000100100011100
0000100001101110
0010011101111001
0000101110100000
0000100110111000
0010011101111001
0000111101010001
0000111101000000
0010011101111001
0000100100000110
0000100001110000
0010011101111001
0000110000001110
0000011101001010
0010011101111001
0000110111111101
0000101110011111
0010011101111001
0000100111010010
0000100111100111
0010011101111001
0000101100011010
0000100010110110
0010011101111001
0001000101011100
0000101111100011
0010011101111001
0000100110011000
0000100100000010
0010011101111001
0000100110100010
0000100100001100
0010011101111001
0000101011110110
0000110001001111
0010011101111001
0000101001011111
0000101001100001
0010011101111001
0000101100001111
0000101110101000
0010011101111001
0000110110101000
0000111000111101
0010011101111001
0000011110100001
0000101000100010
0010011101111001
0000100001010111
0000100011100001
0010011101111001
0000101011101010
0000110000010000
0010011101111001
0000011110100100
0000101000110100
0010011101111001
0000100001001010
0000101011010010
0010011101111001
0000101011001101
0000110000010011
0010011101111001
0000100011101000
0000101000100101
0010011101111001
0000110111110111
0000101000100011
0010011101111001
0000110010101101
0000111111011000
0010011101111001
0000011110000011
0000100010111001
0010011101111001
0000100010110011
0000101111001110
0010011101111001
0000101110111001
0001000010101111
0010011101111001
0000100010101100
0000100111111011
0010011101111001
0000011101110001
0000110110110100
0010011101111001
0000100000010101
0001000110000101
0010011101111001
0000010011001111
0000100110011101
0010011101111001
0000011000000101
0000101101110101
0010011101111001
0000011010101111
0001010010010100
0010011101111001
0000100001101110
0000100110111100
0010011101111001
0000100110110011
0000100100100100
0010011101111001
0000101110011101
0000110101110010
0010011101111001
0000100111000101
0000100010011101
0010011101111001
0000110101010101
0000011111110111
0010011101111001
0000110101100000
0000101110100010
0010011101111001
0000100111101001
0000100100111101
0010011101111001
0000101100011101
0000011101101010
0010011101111001
0000111000100011
0000100111100101
0010011101111001
0000100100111010
0000100010010101
0010011101111001
0000100111011000
0000100111001011
0010011101111001
0000101110101111
0001000100011000
0010011101111001
0000011101100111
0000100111010101
0010011101111001
0000100010011110
0000100100110100
0010011101111001
0000101110110111
0000111011000100
0010011101111001
0000011101100101
0000011000100110
0010011101111001
0000100101001100
0000100000000001
0010011101111001
0000101111001011
0000111101100000
0010011101111001
0000011111111001
0000011111111000
0010011101111001
0000011000100011
0000010110001001
0010011101111001
0000100000000011
0000100000000101
0010011101111001
0000100100111111
0000100010111001
0010011101111001
0000101001111011
0000011011101001
0010011101111001
0000101010000111
0000101000001100
0010011101111001
0000100101110010
0000100011101000
0010011101111001
0000101011000001
0000100011101110
0010011101111001
0000101011011001
0000110000101010
0010011101111001
0000011111000110
0000011111001110
0010011101111001
0000011001111101
0000011111001011
0010011101111001
0000100001110000
0000110001001101
0010011101111001
0000011100011101
0000011100100011
0010011101111001
0000101001011001
0000100110110010
0010011101111001
0000101001100100
0000110110001010
0010011101111001
0000100100000000
0000011110110011
0010011101111001
0000100100000110
0000011110110101
0010011101111001
0000110011100100
0000110000110101
0010011101111001
0000100101110011
0000100011010010
0010011101111001
0000110111001000
0000101000000000
0010011101111001
0000110110111011
0001000101100100
0010011101111001
0000011001001110
0000101000000110
0010011101111001
0000011001000111
0000100101011100
0010011101111001
0000101101000110
0000110110111001
0010011101111001
0000100010010101
0000100101000011
0010011101111001
0000101001110000
0000100010101101
0010011101111001
0000100111011100
0000110110011101
0010011101111001
0000011011011010
0000100000011110
0010011101111001
0000011101111111
0000011001000111
0010011101111001
0000101010010111
0000101010110000
0010011101111001
0000010011101011
0000100111010010
0010011101111001
0000011011000000
0000100111010111
0010011101111001
0000011010111110
0000111101100000
0010011101111001
0000100101000000
0000011011000010
0010011101111001
0000100010101010
0000011011000111
0010011101111001
0000100101001010
0000110110010111
0010011101111001
0000100111001001
0000011111110111
0010011101111001
0000100111011011
0000100010100010
0010011101111001
0000101110110111
0000110110011001
0010011101111001
0000100101000001
0000100010110011
0010011101111001
0000100111100011
0000100101001110
0010011101111001
0000101110111101
0000110110011110
0010011101111001
0000100111011000
0000100111001010
0010011101111001
0000100010100111
0000101110101110
0010011101111001
0000100101010101
0000111101111100
0010011101111001
0000100111100010
0000100101000101
0010011101111001
0000100111011011
0000101100100011
0010011101111001
0000101110110110
0000111101111100
0010011101111001
0000100111101110
0000100010100110
0010011101111001
0000101111010000
0000100101010000
0010011101111001
0000111001001100
0000111110001001
0010011101111001
0000100101000101
0000100000000110
0010011101111001
0000101111001111
0000011000111001
0010011101111001
0000101101000101
0000100011001101
0010011101111001
0000100011001001
0000011011111111
0010011101111001
0000101011010110
0000011110111000
0010011101111001
0000110101110000
0000110000111100
0010011101111001
0000100110110010
0000100100011011
0010011101111001
0000100100011011
0000111001000101
0010011101111001
0000100111000101
0001010000011000
0010011101111001
0000100100100001
0000011111010110
0010011101111001
0000100111001010
0000100100100011
0010011101111001
0000111001010110
0001000001000111
0010011101111001
0000101001011100
0000101001001010
0010011101111001
0000100100001000
0000101001010011
0010011101111001
0000100110110001
0001000000100001
0010011101111001
0000101001001001
0000101000111101
0010011101111001
0000110000110110
0000101000110100
0010011101111001
0000110000110101
0000111111110000
0010011101111001
0000100010100101
0000100111010000
0010011101111001
0000011101101010
0000101110111000
0010011101111001
0000100101001001
0000111101110101
0010011101111001
0000100101010010
0000100000000111
0010011101111001
0000101010001111
0000011101011011
0010011101111001
0000110001011000
0000101110011100
0010011101111001
0000100100111100
0000100010110001
0010011101111001
0000100100110100
0000110001101110
0010011101111001
0000101001110001
0000110110100101
0010011101111001
0000100011000000
0000011110001100
0010011101111001
0000100011001110
0000100011010110
0010011101111001
0000101010110110
0000101000100010
0010011101111001
0000010011110001
0000100111011110
0010011101111001
0000010011101011
0000101110101000
0010011101111001
0000010110000110
0001100001111110
0010011101111001
0000011101101010
0000100111011110
0010011101111001
0000100010100001
0000101110111000
0010011101111001
0000110001010001
0000111101100010
0010011101111001
0000100111010000
0000100010100100
0010011101111001
0000100110111110
0000100010011001
0010011101111001
0000101110001101
0000110101111011
0010011101111001
0000100111011011
0000100101011011
0010011101111001
0000100111010010
0000100111100111
0010011101111001
0000101110101011
0000111101100000
0010011101111001
0000100000010110
0000100010100000
0010011101111001
0000100010101110
0000011101101111
0010011101111001
0000101010001101
0000101111100001
0010011101111001
0000100111101101
0000100111111111
0010011101111001
0000100111110011
0000101000000100
0010011101111001
0000101010011010
0000111110101100
0010011101111001
0000011101110101
0000100111110001
0010011101111001
0000100000100000
0000100010110011
0010011101111001
0000101010101000
0000110001111000
0010011101111001
0000100101111010
0000100011110001
0010011101111001
0000101000100101
0000101011100110
0010011101111001
0000111000001000
0001000000010001
0010011101111001
0000011100011010
0000011111001000
0010011101111001
0000011111001011
0000100100100010
0010011101111001
0000100100011110
0000111110110011
0010011101111001
0000010111011010
0000010100110001
0010011101111001
0000011010000101
0000010111010111
0010011101111001
0000010111011111
0000100001110010
0010011101111001
0000100100101110
0000011111011000
0010011101111001
0000101001111011
0000100100101000
0010011101111001
0000100111001111
0001000001010000
0010011101111001
0000100001110110
0000100100010010
0010011101111001
0000100001101111
0000101001101110
0010011101111001
0000100110101100
0000101001100101
0010011101111001
0000101000111000
0000101000010100
0010011101111001
0000101000110000
0000100101101001
0010011101111001
0000110000011010
0000110111001011
0010011101111001
0000100111100001
0000100111011010
0010011101111001
0000100111011110
0000100111011011
0010011101111001
0000101110110110
0000111101101000
0010011101111001
0000100111010110
0000100010010010
0010011101111001
0000100111011010
0000011111111110
0010011101111001
0000011011001011
0000101110110100
0010011101111001
0000100101000000
0000100010100111
0010011101111001
0000100010011101
0000100111100000
0010011101111001
0000100010010111
0000111101101000
0010011101111001
0000100101110000
0000100000101101
0010011101111001
0000101000001110
0000101000000110
0010011101111001
0000101111101011
0000111110100010
0010011101111001
0000010011110110
0000100111100101
0010011101111001
0000010011110100
0000101110110101
0010011101111001
0000010110010000
0000111101100011
0010011101111001
0000011000101011
0000011101011011
0010011101111001
0000100111100000
0000011111111100
0010011101111001
0000101110111110
0000110110001101
0010011101111001
0000100100110100
0000100010100110
0010011101111001
0000100010100101
0000011101101011
0010011101111001
0000101010000111
0000101110111110
0010011101111001
0000100111100010
0000100010110001
0010011101111001
0000100111110000
0000100101101110
0010011101111001
0000101111110000
0000111111001000
0010011101111001
0000101000000000
0000101000000111
0010011101111001
0000101000001111
0000101000001011
0010011101111001
0000101111111000
0000110100110100
0010011101111001
0000011110001000
0000101000000110
0010011101111001
0000100011010100
0000100101101010
0010011101111001
0000110000000010
0000110111011111
0010011101111001
0000100110000010
0000100011100110
0010011101111001
0000110111111100
0000101011011000
0010011101111001
0000111000000111
0000111111111111
0010011101111001
0000101001000010
0000101001001110
0010011101111001
0000110000111111
0000101001011110
0010011101111001
0000110001010010
0001000000111111
0010011101111001
0000011010000011
0000100001110110
0010011101111001
0000100110111011
0000110001010110
0010011101111001
0000110001010100
0001010000011011
0010011101111001
0000011111001100
0000010100110011
0010011101111001
0000100100010111
0000010111010111
0010011101111001
0000101100001101
0000101011111111
0010011101111001
0000100100010001
0000101001011011
0010011101111001
0000100100010000
0000101001010101
0010011101111001
0000100110111000
0001001000010010
0010011101111001
0000100110101100
0000100100010100
0010011101111001
0000100110101111
0000100100001001
0010011101111001
0000101011110010
0000110000110000
0010011101111001
0000101000101010
0000100101011000
0010011101111001
0000100101111101
0000100011000001
0010011101111001
0000101010101101
0000101111011111
0010011101111001
0000100000000101
0000011000110001
0010011101111001
0000011111111000
0000011000100111
0010011101111001
0000101001011011
0000101110011011
0010011101111001
0000010110001001
0000100010010011
0010011101111001
0000100111010011
0000110000111110
0010011101111001
0000111000100100
0000110110000010
0010011101111001
0000010011110001
0000100010100111
0010011101111001
0000100000000010
0000101110110100
0010011101111001
0000101001111001
0001000010010001
0010011101111001
0000101000000100
0000101000001000
0010011101111001
0000110111000101
0000101000001110
0010011101111001
0000110110111101
0000111110110000
0010011101111001
0000001100011100
0000010011110101
0010011101111001
0000001100100100
0000010110100000
0010011101111001
0000010001101101
0000101111101101
0010011101111001
0000100111101101
0000100101000100
0010011101111001
0000100111111010
0000100111100011
0010011101111001
0000101111100100
0000111101111001
0010011101111001
0000100111101111
0000100101111000
0010011101111001
0000100111100011
0000100011000011
0010011101111001
0000110110010111
0000110110011111
0010011101111001
0000101000111010
0000101000011100
0010011101111001
0000100011010100
0000101000000110
0010011101111001
0000100101010111
0000111110010100
0010011101111001
0000100011000001
0000011110001110
0010011101111001
0000100101011001
0000100011000111
0010011101111001
0000101111011110
0000111110100010
0010011101111001
0000101000101110
0000100110011100
0010011101111001
0000101000101101
0000110101110011
0010011101111001
0000110111111111
0001000000000010
0010011101111001
0000101001000110
0000101001011010
0010011101111001
0000101001010110
0000101110101010
0010011101111001
0000110001010001
0001010000010011
0010011101111001
0000101001110000
0000101001101011
0010011101111001
0000111001011001
0000101001100011
0010011101111001
0000111001010011
0001000000100111
0010011101111001
0000101001100111
0000100111000101
0010011101111001
0000101001010011
0000101001011001
0010011101111001
0000111000001111
0001000111110111
0010011101111001
0000101001100101
0000101001001010
0010011101111001
0000100100010000
0000110000100000
0010011101111001
0000100110010111
0000111111001101
0010011101111001
0000100100000001
0000101001000000
0010011101111001
0000101000110001
0000110000011001
0010011101111001
0000101011000011
0000111111010100
0010011101111001
0000100110000110
0000100011010111
0010011101111001
0000101000011110
0000100101110000
0010011101111001
0000110000001010
0000110111010000
0010011101111001
0000100101010111
0000100000001111
0010011101111001
0000100111111001
0000100010110111
0010011101111001
0000101111011101
0000110110110100
0010011101111001
0000100111000001
0000100111000100
0010011101111001
0000101110101011
0000101100001001
0010011101111001
0000111101100100
0001011000011000
0010011101111001
0000100101000101
0000011011011000
0010011101111001
0000100010101011
0000101010010100
0010011101111001
0000100111100111
0000111011110010
0010011101111001
0000100010101101
0000011101100101
0010011101111001
0000100010111100
0000011011010111
0010011101111001
0000100101100001
0000100111110111
0010011101111001
0000100111111100
0000101000000110
0010011101111001
0000110110111001
0000110111001111
0010011101111001
0000110001111100
0001001101110000
0010011101111001
0000010100010101
0000101000011010
0010011101111001
0000010100001000
0000100011000001
0010011101111001
0000010110011111
0000101111001011
0010011101111001
0000101000001101
0000100111111110
0010011101111001
0000101000000111
0000101000000000
0010011101111001
0000110111000100
0000111110010110
0010011101111001
0000100111110010
0000100111110010
0010011101111001
0000101111001010
0000110110100110
0010011101111001
0000101111001111
0001000101000010
0010011101111001
0000100000110001
0000100011001110
0010011101111001
0000100011001110
0000011110001110
0010011101111001
0000101010100000
0000101111101011
0010011101111001
0000100011001110
0000011110011011
0010011101111001
0000100000101111
0000100011101011
0010011101111001
0000100101110110
0001000111001101
0010011101111001
0000101001000010
0000100110101010
0010011101111001
0000101110010001
0000110011101100
0010011101111001
0000101100000110
0000111001010001
0010011101111001
0000100100100110
0000100100101110
0010011101111001
0000011111011101
0000100100101011
0010011101111001
0000100111010101
0000111001100000
0010011101111001
0000101001011000
0000101000111110
0010011101111001
0000101001000010
0000101000101010
0010011101111001
0000110000010001
0000111111000001
0010011101111001
0000100011101101
0000011110011110
0010011101111001
0000101101101110
0000101010111111
0010011101111001
0000101111111011
0000111110111001
0010011101111001
0000100010111111
0000101000001001
0010011101111001
0000100111101010
0000101000000001
0010011101111001
0000101110101110
0000111110001010
0010011101111001
0000011110010001
0000101000011010
0010011101111001
0000100101100110
0000100111110111
0010011101111001
0000111110010011
0001000101000010
0010011101111001
0000101000010001
0000100101001111
0010011101111001
0000100111101100
0000110110010001
0010011101111001
0000101110101000
0001000100101100
0010011101111001
0000100111111110
0000100111101111
0010011101111001
0000101000010000
0000101000001011
0010011101111001
0000101111110110
0000111111000111
0010011101111001
0000100111100111
0000100101000110
0010011101111001
0000101111010101
0000101100011101
0010011101111001
0000111110100010
0000111101110001
0010011101111001
0000100000011010
0000100010111110
0010011101111001
0000100101010011
0000011011100000
0010011101111001
0000101010000010
0000100111111001
0010011101111001
0000011011011111
0000011011100000
0010011101111001
0000011101111001
0000100101011011
0010011101111001
0000100101010110
0000111110010001
0010011101111001
0000011000111110
0000011011100111
0010011101111001
0000100000011110
0000100101100101
0010011101111001
0000101111011101
0000110111000101
0010011101111001
0000010001100100
0000100010111110
0010011101111001
0000010100000011
0000100101010101
0010011101111001
0000010110100100
0000110110101010
0010011101111001
0000101000000100
0000100101110100
0010011101111001
0000101111011100
0000100011001010
0010011101111001
0000101111011100
0000110110110101
0010011101111001
0000101000000011
0000100111111000
0010011101111001
0000100111110111
0000101100101111
0010011101111001
0000101111001001
0001001100101101
0010011101111001
0000100111111000
0000101000000101
0010011101111001
0000100111111100
0000101000001010
0010011101111001
0000101111011101
0000111110110100
0010011101111001
0000100011101011
0000101001001010
0010011101111001
0000101000110101
0000110001000001
0010011101111001
0000110000011100
0001000000101110
0010011101111001
0000100010001011
0000011010011001
0010011101111001
0000100111101100
0000100101000100
0010011101111001
0000110010000110
0001000010000100
0010011101111001
0000101010000010
0000101001101010
0010011101111001
0000101001110000
0000101001000100
0010011101111001
0000111000100001
0001000110111011
0010011101111001
0000100011000001
0000011000110011
0010011101111001
0000100101000110
0000100111001010
0010011101111001
0000110101110101
0001010010110110
0010011101111001
0000011101110010
0000011101101010
0010011101111001
0000011010110100
0000100010001001
0010011101111001
0000100100001001
0000111100101101
0010011101111001
0000100010000111
0000100111001000
0010011101111001
0000011101000110
0000100110111010
0010011101111001
0000100100000111
0000111100100110
0010011101111001
0000011010111000
0000010011100010
0010011101111001
0000100010000000
0000011101001001
0010011101111001
0000101000110101
0000101101110101
0010011101111001
0000100110110011
0000100110110011
0010011101111001
0000100110110010
0000100110110011
0010011101111001
0000110101011001
0000111100101010
0010011101111001
0000100101100000
0000100000101010
0010011101111001
0000100111110110
0000011001001011
0010011101111001
0000110100100000
0000101000100011
0010011101111001
0000101000001100
0000100010101101
0010011101111001
0000100101101010
0000100000010011
0010011101111001
0000101010110001
0000101111001110
0010011101111001
0000100111010100
0000100000000110
0010011101111001
0000110101111101
0000100100111100
0010011101111001
0000110110010000
0000111101101100
0010011101111001
0000011101101111
0000100111100101
0010011101111001
0000011101101110
0000100111101110
0010011101111001
0000100101001101
0000111110010011
0010011101111001
0000101000000101
0000100011000001
0010011101111001
0000101000001100
0000100101100100
0010011101111001
0000101111101100
0000111110101111
0010011101111001
0000010100000111
0000100101100111
0010011101111001
0000010100001010
0000101000001100
0010011101111001
0000010110101101
0000111110110000
0010011101111001
0000101000011000
0000101000000001
0010011101111001
0000101000011111
0000101000001010
0010011101111001
0000110111010111
0000111110101001
0010011101111001
0000100111101100
0000100000001010
0010011101111001
0000101111000100
0000101111000100
0010011101111001
0000111101111001
0001000011000001
0010011101111001
0000101000001011
0000100011011110
0010011101111001
0000100011010100
0000110000010110
0010011101111001
0000100101110110
0001000100111001
0010011101111001
0000101000111110
0000100110111011
0010011101111001
0000110000111101
0000100100100100
0010011101111001
0001000000101101
0001000001100010
0010011101111001
0000101001110000
0000101001100101
0010011101111001
0000101001111110
0000101001100001
0010011101111001
0000110010000110
0001000001000001
0010011101111001
0000101000001100
0000100111110110
0010011101111001
0000101111100111
0000101111000101
0010011101111001
0000101111011010
0000111101100010
0010011101111001
0000100110101110
0000100110101000
0010011101111001
0000110101000010
0000110100111101
0010011101111001
0000111011111101
0001000010101110
0010011101111001
0000100110001000
0000100110010010
0010011101111001
0000101100101100
0000100101100111
0010011101111001
0000111010010010
0000111010001000
0010011101111001
0000100101110100
0000100101101001
0010011101111001
0000100101010001
0000100010111000
0010011101111001
0000101011101110
0000110010111101
0010011101111001
0000100101101001
0000100110000001
0010011101111001
0000101100000001
0000100101011000
0010011101111001
0000111001101111
0001000000110010
0010011101111001
0000100110100001
0000100110110111
0010011101111001
0000101101101111
0000100111000000
0010011101111001
0000101101100110
0000111101001000
0010011101111001
0000101000011100
0000100110000001
0010011101111001
0000101000011111
0000101111111111
0010011101111001
0000110000000111
0000110111011111
0010011101111001
0000100110001000
0000100011010101
0010011101111001
0000111111100101
0000101000010000
0010011101111001
0001100101010010
0000111110100101
0010011101111001
0000100111110111
0000100111110010
0010011101111001
0000110110111000
0000100111101110
0010011101111001
0000110110110001
0001000101011011
0010011101111001
0000101000001100
0000101000101001
0010011101111001
0000101000010011
0000101000110101
0010011101111001
0000101111101010
0000111111100111
0010011101111001
0000101000000110
0000101000010101
0010011101111001
0000101000010011
0000101000011000
0010011101111001
0000110000000101
0000111111001011
0010011101111001
0000010001110001
0000100000110001
0010011101111001
0000001111001001
0000011001000111
0010011101111001
0000010001100010
0000100111111000
0010011101111001
0000101000000010
0000100111111110
0010011101111001
0000101111010110
0000100111110011
0010011101111001
0000101111000000
0000111101110110
0010011101111001
0000100101001000
0000100010100001
0010011101111001
0000100010101111
0000011101110111
0010011101111001
0000101100110100
0000101111101110
0010011101111001
0000100000110111
0000100011111011
0010011101111001
0000100011100101
0000011110111111
0010011101111001
0000101011011011
0000110001001110
0010011101111001
0000100100111101
0000011111101001
0010011101111001
0000100111110110
0000101101000001
0010011101111001
0000110010011001
0000110111110010
0010011101111001
0000101001111111
0000101001011111
0010011101111001
0000100100011110
0000101001001011
0010011101111001
0000100110110100
0000111111111110
0010011101111001
0000100111100100
0000100110111001
0010011101111001
0000100111001111
0000100100001101
0010011101111001
0000101110010110
0000110100111001
0010011101111001
0000100101111001
0000100101010011
0010011101111001
0000110011100000
0000100100100010
0010011101111001
0000101110010000
0000111000011011
0010011101111001
0000011011011111
0000010110110101
0010011101111001
0000011000101110
0000011101000100
0010011101111001
0000100001010101
0000110111100011
0010011101111001
0000100100000010
0000100010000010
0010011101111001
0000011111001011
0000100011101110
0010011101111001
0000100001010011
0000110111010101
0010011101111001
0000100100101111
0000100100110011
0010011101111001
0000100100010010
0000101011100000
0010011101111001
0000101010100011
0000111001000000
0010011101111001
0000100110011110
0000100111001100
0010011101111001
0000100110100010
0000100111010110
0010011101111001
0000101101101011
0000111101100110
0010011101111001
0000101000100010
0000100101111011
0010011101111001
0000110010101101
0000101000110010
0010011101111001
0000101101101110
0000111111111011
0010011101111001
0000101000001101
0000101000010001
0010011101111001
0000101111111011
0000101000010101
0010011101111001
0000110000000101
0000111110111010
0010011101111001
0000100010110101
0000011001000000
0010011101111001
0000110110111111
0000101000001101
0010011101111001
0001001101100001
0001000110100011
0010011101111001
0000100101011110
0000100011011100
0010011101111001
0000100011000101
0000011110010111
0010011101111001
0000101010100011
0000110111100011
0010011101111001
0000100011100010
0000101000011110
0010011101111001
0000011011111010
0000110010100100
0010011101111001
0000100001001010
0000110111110010
