0010011101111001
0000011010001001
0000011011000111
0010011101111001
0000010111111111
0000011000001011
0010011101111001
0000011001111001
0000100010000101
0010011101111001
0000011010100110
0000011001101000
0010011101111001
0000011000011111
0000010111000001
0010011101111001
0000011010001000
0000100001111100
0010011101111001
0000011000111001
0000011001001111
0010011101111001
0000010100000111
0000010100000000
0010011101111001
0000010100110101
0000011011100110
0010011101111001
0000011001101100
0000011010000101
0010011101111001
0000010100001011
0000010100010000
0010011101111001
0000010011111010
0000011010110010
0010011101111001
0000010101110001
0000010001010101
0010011101111001
0000010001000000
0000001110100011
0010011101111001
0000010001100001
0000010101001100
0010011101111001
0000010011110100
0000011011010111
0010011101111001
0000010000010001
0000010101000111
0010011101111001
0000010001001110
0000011011010010
0010011101111001
0000011111011100
0000011011011010
0010011101111001
0000010111011111
0000010011110110
0010011101111001
0000010101010101
0000011001000001
0010011101111001
0000010100101100
0000010111110111
0010011101111001
0000001111001011
0000010001100100
0010011101111001
0000001111010001
0000010110011110
0010011101111001
0000010110101011
0000011000101101
0010011101111001
0000010010101011
0000010110000010
0010011101111001
0000010010010101
0000011110011000
0010011101111001
0000011110101000
0000011110000011
0010011101111001
0000011110000000
0000011100110110
0010011101111001
0000100000011001
0000101010111111
0010011101111001
0000011010110101
0000011100101001
0010011101111001
0000011011111000
0000011110110010
0010011101111001
0000100011000101
0000110010000110
0010011101111001
0000011100010011
0000011011110101
0010011101111001
0000011110001110
0000011101110010
0010011101111001
0000100101001010
0000101111101001
0010011101111001
0000011011110011
0000011011110101
0010011101111001
0000011101101100
0000011101100111
0010011101111001
0000100100101111
0000101111111110
0010011101111001
0000011111001101
0000100001100001
0010011101111001
0000011111010101
0000100001000011
0010011101111001
0000100101011000
0000110011100100
0010011101111001
0000100101100000
0000100110101010
0010011101111001
0000100100001010
0000100101100100
0010011101111001
0000101010000100
0000111001011111
0010011101111001
0000100111010110
0000101000000100
0010011101111001
0000100111001011
0000100111111001
0010011101111001
0000101110001010
0000111110001010
0010011101111001
0000101000110010
0000101000101111
0010011101111001
0000101000000011
0000100111111100
0010011101111001
0000101111000001
0000111101110011
0010011101111001
0000010001110010
0000010000001011
0010011101111001
0000001111110000
0000001110100111
0010011101111001
0000010001010000
0000010101111000
0010011101111001
0000010000100011
0000010000101001
0010011101111001
0000001110011010
0000001110100100
0010011101111001
0000010000100111
0000010110000000
0010011101111001
0000001111000011
0000001111000000
0010011101111001
0000001110000000
0000001101110010
0010011101111001
0000010000010110
0000010100111000
0010011101111001
0000001110001000
0000001110000010
0010011101111001
0000001101011011
0000001101001011
0010011101111001
0000001111011101
0000010011111101
0010011101111001
0000001101011110
0000001101011000
0010011101111001
0000001101000000
0000001101000001
0010011101111001
0000001111000011
0000010011110001
0010011101111001
0000001101111000
0000001110000001
0010011101111001
0000001110001000
0000001110010001
0010011101111001
0000010001011110
0000010111000111
0010011101111001
0000001101110010
0000001101011001
0010011101111001
0000001111011111
0000001111001001
0010011101111001
0000010110100111
0000011010110100
0010011101111001
0000001100010011
0000001011111110
0010011101111001
0000001100111010
0000001011111101
0010011101111001
0000010001000010
0000010011010000
0010011101111001
0000001011111011
0000001101011100
0010011101111001
0000001011010110
0000001011110111
0010011101111001
0000001101100010
0000010001111010
0010011101111001
0000010011000111
0000010101111010
0010011101111001
0000001101110110
0000010001001100
0010011101111001
0000001110011110
0000010110111011
0010011101111001
0000100000100000
0000100010101000
0010011101111001
0000011110001000
0000100001011010
0010011101111001
0000011110010010
0000110000101011
0010011101111001
0000100000101101
0000011111111100
0010011101111001
0000100001100001
0000100000110111
0010011101111001
0000100111110111
0000110100000011
0010011101111001
0000100000100010
0000100000010100
0010011101111001
0000100000110001
0000100000011101
0010011101111001
0000100111000110
0000110010101000
0010011101111001
0000100000010101
0000100001110111
0010011101111001
0000100000101001
0000100001110001
0010011101111001
0000100110101111
0000110100010101
0010011101111001
0000100011010010
0000100100001100
0010011101111001
0000100011011000
0000100011110110
0010011101111001
0000101010000000
0000110111101111
0010011101111001
0000100110000001
0000100110111011
0010011101111001
0000100101001011
0000100110000011
0010011101111001
0000101011110111
0000111010110110
0010011101111001
0000100111011000
0000100111110100
0010011101111001
0000100111010001
0000100111110101
0010011101111001
0000101110010100
0000111110000000
0010011101111001
0000001101011011
0000001101100110
0010011101111001
0000001101001000
0000001101010000
0010011101111001
0000001111101111
0000010100100010
0010011101111001
0000001101110010
0000001110000010
0010011101111001
0000001101100101
0000001101100101
0010011101111001
0000010000111110
0000010100111100
0010011101111001
0000001101110001
0000001101010111
0010011101111001
0000001101100001
0000001101010111
0010011101111001
0000010000001101
0000010101000000
0010011101111001
0000001100001110
0000001100001000
0010011101111001
0000001100000010
0000001100001100
0010011101111001
0000001110010000
0000010011001011
0010011101111001
0000001100100100
0000001101000010
0010011101111001
0000001101111001
0000001110101100
0010011101111001
0000010010101001
0000011001010101
0010011101111001
0000010001010100
0000010100011101
0010011101111001
0000010100100101
0000011010011000
0010011101111001
0000011010010010
0000101101110001
0010011101111001
0000011101001001
0000011100000000
0010011101111001
0000100110100001
0000100101111101
0010011101111001
0000110100001010
0001000011011011
0010011101111001
0000010011011110
0000001111100101
0010011101111001
0000011011011100
0000010101011001
0010011101111001
0000101000100011
0000101000101010
0010011101111001
0000001011100011
0000001011010100
0010011101111001
0000001100111110
0000001011100000
0010011101111001
0000010011110000
0000010011000001
0010011101111001
0000001011100101
0000001011101100
0010011101111001
0000001011010000
0000001011001111
0010011101111001
0000001101010011
0000010001011011
0010011101111001
0000010001110110
0000010111100101
0010011101111001
0000001110100001
0000010011010111
0010011101111001
0000010001000111
0000011011011111
0010011101111001
0000100000100011
0000100001111110
0010011101111001
0000011110010110
0000100001001011
0010011101111001
0000100010000000
0000110010101011
0010011101111001
0000100001100000
0000100000110101
0010011101111001
0000100001010111
0000100000100111
0010011101111001
0000100111000000
0000110010011001
0010011101111001
0000100000100101
0000100001010000
0010011101111001
0000100000100000
0000100001001100
0010011101111001
0000100110000100
0000110011011111
0010011101111001
0000100011001010
0000100011100110
0010011101111001
0000100010101101
0000100011000000
0010011101111001
0000101000110101
0000110110000010
0010011101111001
0000100100111101
0000100101011000
0010011101111001
0000100100011110
0000100101001000
0010011101111001
0000101010111001
0000111001101110
0010011101111001
0000100110100100
0000100111100001
0010011101111001
0000100110001101
0000100111001010
0010011101111001
0000101101000100
0000111100110011
0010011101111001
0000001110111001
0000010000111000
0010011101111001
0000010000111110
0000010100010011
0010011101111001
0000010101011100
0000100001111100
0010011101111001
0000010000101101
0000001101111001
0010011101111001
0000010011011101
0000001111011100
0010011101111001
0000011001111101
0000011001111011
0010011101111001
0000001111111010
0000001111100101
0010011101111001
0000010011001000
0000010010111010
0010011101111001
0000011000101000
0000100000110110
0010011101111001
0000001011010000
0000001010111000
0010011101111001
0000001011101111
0000001010101001
0010011101111001
0000010000010111
0000010001100111
0010011101111001
0000010010001101
0000010100000011
0010011101111001
0000010001110011
0000010101010001
0010011101111001
0000010101110100
0000100010011111
0010011101111001
0000010110000100
0000011110011100
0010011101111001
0000010010001100
0000011001110111
0010011101111001
0000010011101000
0000100100010110
0010011101111001
0000110000101010
0000110001100110
0010011101111001
0000110001001010
0000110010101101
0010011101111001
0000111010011111
0001001111100110
0010011101111001
0000101011101010
0000101000001110
0010011101111001
0000101111111001
0000101110011101
0010011101111001
0000111010111011
0001001011110111
0010011101111001
0000011010001011
0000010010110000
0010011101111001
0000100010111011
0000011010100101
0010011101111001
0000110000000100
0000110001001000
0010011101111001
0000001101011110
0000001111110010
0010011101111001
0000010000101111
0000010010110100
0010011101111001
0000010111001101
0000011111000001
0010011101111001
0000010011010010
0000010010111110
0010011101111001
0000011001001110
0000010110110011
0010011101111001
0000100001010010
0000100111011001
0010011101111001
0000011011010000
0000011111010000
0010011101111001
0000011010000101
0000011110000111
0010011101111001
0000011101110101
0000101101101000
0010011101111001
0000011111101000
0000011110111010
0010011101111001
0000011110110000
0000011110001110
0010011101111001
0000100011110100
0000101110100101
0010011101111001
0000011111011010
0000100000110010
0010011101111001
0000011111001001
0000100000110100
0010011101111001
0000100100100011
0000110011000111
0010011101111001
0000100010001010
0000100010100100
0010011101111001
0000100001110001
0000100010011001
0010011101111001
0000100111101001
0000110101011111
0010011101111001
0000100100010000
0000100100101111
0010011101111001
0000100100000000
0000100100011111
0010011101111001
0000101010001000
0000111000100000
0010011101111001
0000100101100110
0000100110111001
0010011101111001
0000100101001000
0000100110110010
0010011101111001
0000101011110110
0000111100010111
0010011101111001
0000010011101001
0000010111110111
0010011101111001
0000010100010101
0000011000000100
0010011101111001
0000010111101110
0000100101000010
0010011101111001
0000011001101010
0000010100010000
0010011101111001
0000011100101101
0000011000101010
0010011101111001
0000100011000101
0000101010000010
0010011101111001
0000010100101011
0000010111001100
0010011101111001
0000010010100000
0000010100110001
0010011101111001
0000010110001110
0000011101110010
0010011101111001
0000010011000111
0000010001100101
0010011101111001
0000010101101111
0000010101001100
0010011101111001
0000011000111100
0000100010000110
0010011101111001
0000010101101011
0000010110101100
0010011101111001
0000010100111101
0000010011011011
0010011101111001
0000010110111101
0000011011011111
0010011101111001
0000010010110010
0000011100001100
0010011101111001
0000010111011000
0000100011000100
0010011101111001
0000100001111010
0000111101010110
0010011101111001
0000110010011111
0000110011100000
0010011101111001
0000110011101101
0000110100000001
0010011101111001
0000111101111010
0001010001100111
0010011101111001
0000110011001101
0000110010101001
0010011101111001
0000110011111100
0000110011010110
0010011101111001
0000111101110111
0001010000011110
0010011101111001
0000101110011000
0000101000010010
0010011101111001
0000110000011111
0000101011011110
0010011101111001
0000111010000000
0001000101011101
0010011101111001
0000010111101110
0000010100101100
0010011101111001
0000011011011001
0000010110000010
0010011101111001
0000100011110001
0000100100101110
0010011101111001
0000011100101111
0000011100101110
0010011101111001
0000011011010110
0000011101100101
0010011101111001
0000011111100101
0000101110011001
0010011101111001
0000011000101011
0000011011001101
0010011101111001
0000011001001011
0000011010001000
0010011101111001
0000011111010101
0000101000100001
0010011101111001
0000011101001000
0000011100101111
0010011101111001
0000011100100011
0000011100100101
0010011101111001
0000100001110100
0000101100110011
0010011101111001
0000011110000010
0000011111010010
0010011101111001
0000011101111010
0000011110101011
0010011101111001
0000100011100110
0000101111101100
0010011101111001
0000100000110010
0000100001101001
0010011101111001
0000100000000111
0000100000111101
0010011101111001
0000100101111101
0000110011000101
0010011101111001
0000100010110000
0000100011010110
0010011101111001
0000100010100101
0000100011001010
0010011101111001
0000101000111110
0000110110110101
0010011101111001
0000100101010111
0000100110110100
0010011101111001
0000100110000001
0000100111100000
0010011101111001
0000101101010100
0000111110001110
0010011101111001
0000010011001101
0000010111101100
0010011101111001
0000010011100110
0000011000100010
0010011101111001
0000011000111110
0000100111001000
0010011101111001
0000011101010101
0000011101101011
0010011101111001
0000011101010101
0000011110000110
0010011101111001
0000100010100101
0000101111000101
0010011101111001
0000010111000110
0000010011100010
0010011101111001
0000011100010000
0000011001000000
0010011101111001
0000100101001011
0000101100101101
0010011101111001
0000010001011110
0000010001101100
0010011101111001
0000010011111000
0000010100000110
0010011101111001
0000011101011110
0000100101001011
0010011101111001
0000010100000011
0000010111110111
0010011101111001
0000011010100000
0000100000111010
0010011101111001
0000100110011110
0000111011001001
0010011101111001
0000101000010001
0000101111110101
0010011101111001
0000101110001001
0000110001101111
0010011101111001
0000111001000011
0001001110000001
0010011101111001
0000110011101111
0000110011110101
0010011101111001
0000110011000111
0000110011011000
0010011101111001
0000111100011000
0001010000001001
0010011101111001
0000110011100010
0000110010100110
0010011101111001
0000110011001001
0000110010000101
0010011101111001
0000111100101011
0001001110001001
0010011101111001
0000101111000001
0000101010111001
0010011101111001
0000101101000111
0000101000101000
0010011101111001
0000110011110000
0000111101011000
0010011101111001
0000100001010001
0000011101001100
0010011101111001
0000100010111000
0000100001000010
0010011101111001
0000101010010001
0000110110100010
0010011101111001
0000011011100011
0000011110000011
0010011101111001
0000011100110011
0000011101100110
0010011101111001
0000100011010010
0000101101101010
0010011101111001
0000011100111000
0000011011100011
0010011101111001
0000011110110000
0000011101011001
0010011101111001
0000100101110010
0000101111101101
0010011101111001
0000011101010011
0000011110010011
0010011101111001
0000011101101100
0000011110101011
0010011101111001
0000100011011110
0000101111101011
0010011101111001
0000011110000010
0000011110001010
0010011101111001
0000011110100010
0000011110101001
0010011101111001
0000100100100010
0000110000011111
0010011101111001
0000100000001100
0000100000111011
0010011101111001
0000100000001000
0000100000111111
0010011101111001
0000100110001110
0000110011011001
0010011101111001
0000100010100100
0000100011010001
0010011101111001
0000100010010101
0000100010111101
0010011101111001
0000101000010010
0000110101111110
0010011101111001
0000100101111010
0000100111101010
0010011101111001
0000100101010101
0000100111001100
0010011101111001
0000101011110010
0000111100101001
0010011101111001
0000011000001100
0000011000110111
0010011101111001
0000011010100000
0000011010000000
0010011101111001
0000100001010100
0000101010100000
0010011101111001
0000011010111101
0000011101110110
0010011101111001
0000011001011010
0000011100110001
0010011101111001
0000011111110100
0000101100110101
0010011101111001
0000100010000100
0000100010001110
0010011101111001
0000100000101010
0000100001110110
0010011101111001
0000100100001111
0000110010100000
0010011101111001
0000100001110000
0000100010110111
0010011101111001
0000100100001001
0000100101011001
0010011101111001
0000101001010100
0000111001100001
0010011101111001
0000100111100110
0000101011001101
0010011101111001
0000100111111000
0000101001100001
0010011101111001
0000101101010100
0000111101111111
0010011101111001
0000101111010101
0000110000011001
0010011101111001
0000101100100001
0000101101101010
0010011101111001
0000110001110010
0001000100001110
0010011101111001
0000110001111100
0000110010100011
0010011101111001
0000101111011101
0000101111110011
0010011101111001
0000110101010010
0001000111100010
0010011101111001
0000110001011101
0000101111011110
0010011101111001
0000101110011011
0000101101001101
0010011101111001
0000110011111110
0001000101010101
0010011101111001
0000101001000111
0000100101110111
0010011101111001
0000101010100111
0000101000010100
0010011101111001
0000110100011000
0001000010000011
0010011101111001
0000100100010101
0000100011111110
0010011101111001
0000100101000100
0000100011110111
0010011101111001
0000101101111101
0000111001010010
0010011101111001
0000011110011010
0000011101111101
0010011101111001
0000011111110100
0000011111110010
0010011101111001
0000101000110111
0000110100000011
0010011101111001
0000100000110110
0000100000011111
0010011101111001
0000100001000110
0000100000110101
0010011101111001
0000100111100001
0000110011010010
0010011101111001
0000011110011110
0000011110000001
0010011101111001
0000011111000101
0000011110011011
0010011101111001
0000100101001100
0000101111111011
0010011101111001
0000011110110111
0000011111110000
0010011101111001
0000011110100101
0000011111011011
0010011101111001
0000100100001100
0000110000101100
0010011101111001
0000100000100110
0000100000101111
0010011101111001
0000100000101010
0000100000110001
0010011101111001
0000100110101001
0000110011000111
0010011101111001
0000100001010110
0000100010001011
0010011101111001
0000100000111000
0000100010000101
0010011101111001
0000100110110001
0000110100111011
0010011101111001
0000100101000101
0000100111001000
0010011101111001
0000100101100110
0000100111010101
0010011101111001
0000101100100011
0000111101000100
0010011101111001
0000011111001110
0000011111110010
0010011101111001
0000100001111001
0000100010010101
0010011101111001
0000101010001100
0000110111011001
0010011101111001
0000011111101011
0000011110100101
0010011101111001
0000100001001111
0000011111001001
0010011101111001
0000101000100000
0000110001010100
0010011101111001
0000011100000010
0000011101010110
0010011101111001
0000011100101000
0000011110000110
0010011101111001
0000100011011001
0000110000010011
0010011101111001
0000011100111001
0000011100011111
0010011101111001
0000011011000100
0000011010001100
0010011101111001
0000100000101100
0000101001010100
0010011101111001
0000100010001010
0000100011001111
0010011101111001
0000100000101101
0000100001110010
0010011101111001
0000100110111001
0000110100011011
0010011101111001
0000100100010110
0000100011100000
0010011101111001
0000100000111100
0000011110100011
0010011101111001
0000100110110110
0000101101111111
0010011101111001
0000100110001011
0000100101010100
0010011101111001
0000100000101010
0000011111100111
0010011101111001
0000100100110010
0000101110101101
0010011101111001
0000100110101000
0000101001010111
0010011101111001
0000100010100111
0000100111010101
0010011101111001
0000100111110111
0000111100100100
0010011101111001
0000101011101000
0000101011101010
0010011101111001
0000101001000101
0000101010001001
0010011101111001
0000101110101001
0000111111110101
0010011101111001
0000101010110100
0000101010011101
0010011101111001
0000101011001100
0000101010100101
0010011101111001
0000110001101001
0001000000110011
0010011101111001
0000100110101011
0000100100011000
0010011101111001
0000100110101011
0000100100001010
0010011101111001
0000101100101011
0000110111101010
0010011101111001
0000100000110100
0000011111111110
0010011101111001
0000100000000110
0000011111010000
0010011101111001
0000100101111010
0000110000011011
0010011101111001
0000011111100110
0000011111010011
0010011101111001
0000011111100001
0000011111101111
0010011101111001
0000100101010110
0000110001110111
0010011101111001
0000011111011101
0000100000000101
0010011101111001
0000100000100101
0000100000101101
0010011101111001
0000100111010110
0000110011011000
0010011101111001
0000100000011101
0000100000110001
0010011101111001
0000100000101000
0000100001000000
0010011101111001
0000100110110011
0000110011100011
0010011101111001
0000100001001001
0000100010000100
0010011101111001
0000100001001001
0000100001110001
0010011101111001
0000100110111001
0000110100001111
0010011101111001
0000100101000001
0000100110011010
0010011101111001
0000100100111001
0000100110010001
0010011101111001
0000101011100000
0000111011100000
0010011101111001
0000100101000011
0000100101010111
0010011101111001
0000100100111111
0000100101100010
0010011101111001
0000101011101110
0000111010010000
0010011101111001
0000100011011001
0000100001010000
0010011101111001
0000100100010010
0000100010100101
0010011101111001
0000101011100000
0000110111000111
0010011101111001
0000100000101000
0000100000111000
0010011101111001
0000100010110100
0000100010101000
0010011101111001
0000101010110010
0000110111101010
0010011101111001
0000011101111001
0000011110001010
0010011101111001
0000100000010110
0000100000100111
0010011101111001
0000101000011010
0000110100110010
0010011101111001
0000100001010011
0000100010000011
0010011101111001
0000100001110111
0000100010011110
0010011101111001
0000101001000111
0000110110100100
0010011101111001
0000100010001010
0000011111110101
0010011101111001
0000100010111101
0000100001110010
0010011101111001
0000101010100110
0000110110111100
0010011101111001
0000100001010001
0000100010010010
0010011101111001
0000100011010001
0000100100110000
0010011101111001
0000101011011111
0000111010110011
0010011101111001
0000100011111111
0000100110111000
0010011101111001
0000100101110001
0000100111001110
0010011101111001
0000101110000001
0000111101101110
0010011101111001
0000100101110101
0000100110100000
0010011101111001
0000100110111111
0000100110110101
0010011101111001
0000101111101000
0000111101101000
0010011101111001
0000100110101111
0000100110000111
0010011101111001
0000100101111100
0000100101100011
0010011101111001
0000101101011011
0000111011000100
0010011101111001
0000100100101101
0000100011110001
0010011101111001
0000100101101110
0000100101000100
0010011101111001
0000101110001001
0000111011001010
0010011101111001
0000100000001000
0000011110110101
0010011101111001
0000100000101101
0000011111001100
0010011101111001
0000100111001110
0000110001010000
0010011101111001
0000100000001011
0000100000111111
0010011101111001
0000100000101011
0000100001011110
0010011101111001
0000100111001110
0000110100100100
0010011101111001
0000100001100111
0000100001000100
0010011101111001
0000100001111101
0000100001010101
0010011101111001
0000101000101010
0000110100011010
0010011101111001
0000100000100111
0000100000101100
0010011101111001
0000100000111000
0000100000110001
0010011101111001
0000100111001111
0000110011001111
0010011101111001
0000100000100000
0000100001010110
0010011101111001
0000100000010101
0000100000111111
0010011101111001
0000100110010101
0000110011001010
0010011101111001
0000100011111100
0000100101101011
0010011101111001
0000100011010101
0000100101101001
0010011101111001
0000101001011010
0000111010100110
0010011101111001
0000100101010101
0000100101001000
0010011101111001
0000100110100100
0000100110000010
0010011101111001
0000101110111011
0000111100011111
0010011101111001
0000100100101101
0000100100001010
0010011101111001
0000100101010010
0000100100110011
0010011101111001
0000101101011110
0000111010011011
0010011101111001
0000100100110010
0000100100100011
0010011101111001
0000100101001111
0000100101010010
0010011101111001
0000101101000010
0000111011001111
0010011101111001
0000100011110110
0000100011111000
0010011101111001
0000100100110010
0000100101000110
0010011101111001
0000101100111011
0000111011001110
0010011101111001
0000100100001011
0000100100011001
0010011101111001
0000100101011110
0000100101101110
0010011101111001
0000101110000011
0000111100011110
0010011101111001
0000100101101110
0000100110000110
0010011101111001
0000100110111101
0000100111011001
0010011101111001
0000101111110110
0000111110110010
0010011101111001
0000100110101111
0000100111011001
0010011101111001
0000101000010000
0000101000110110
0010011101111001
0000110001001110
0001000001000111
0010011101111001
0000101000011111
0000101000110001
0010011101111001
0000101001110000
0000101001100011
0010011101111001
0000110010001010
0001000001010100
0010011101111001
0000101001010011
0000101000110101
0010011101111001
0000101001011111
0000101001000010
0010011101111001
0000110001101101
0001000000010010
0010011101111001
0000100111111000
0000101000011001
0010011101111001
0000101000110000
0000101001001110
0010011101111001
0000110000111101
0001000000101000
0010011101111001
0000100111101001
0000100101011100
0010011101111001
0000100111011001
0000100100101111
0010011101111001
0000101110010001
0000111000111100
0010011101111001
0000100001001111
0000100000110110
0010011101111001
0000100001011010
0000100001010100
0010011101111001
0000100111111000
0000110100000011
0010011101111001
0000100001101110
0000100010001101
0010011101111001
0000100010000001
0000100010100010
0010011101111001
0000101000101101
0000110110010000
0010011101111001
0000100010100011
0000100010000000
0010011101111001
0000100010101011
0000100010000000
0010011101111001
0000101001001101
0000110101000001
0010011101111001
0000100001000000
0000100000101101
0010011101111001
0000100000101001
0000100000100110
0010011101111001
0000100110100011
0000110010111010
0010011101111001
0000100000011110
0000100000100101
0010011101111001
0000100000101100
0000100000101001
0010011101111001
0000100110111011
0000110011000111
0010011101111001
0000100010011001
0000100100111001
0010011101111001
0000100010011100
0000100100111001
0010011101111001
0000101000101100
0000111001011101
0010011101111001
0000101000111001
0000101000111101
0010011101111001
0000101001110011
0000101010010110
0010011101111001
0000110010000000
0001000010111001
0010011101111001
0000101000100111
0000100111111111
0010011101111001
0000101010101010
0000101001111100
0010011101111001
0000110011111000
0001000010111101
0010011101111001
0000100111111011
0000101000010111
0010011101111001
0000101001001000
0000101001001101
0010011101111001
0000110001100110
0001000000101111
0010011101111001
0000101000000100
0000101000001000
0010011101111001
0000101001010010
0000101001001110
0010011101111001
0000110001011110
0001000000111110
0010011101111001
0000101001000010
0000101001100100
0010011101111001
0000101001111101
0000101010101101
0010011101111001
0000110010001011
0001000011010001
0010011101111001
0000101010010011
0000101001111000
0010011101111001
0000101011001110
0000101010110001
0010011101111001
0000110011110000
0001000011011110
0010011101111001
0000101011001001
0000101011001010
0010011101111001
0000101011001101
0000101011000011
0010011101111001
0000110010101111
0001000010100011
0010011101111001
0000101001111000
0000101001110110
0010011101111001
0000101001101110
0000101001111100
0010011101111001
0000110001100111
0001000001100011
0010011101111001
0000101010100010
0000101001100010
0010011101111001
0000101010100100
0000101001110000
0010011101111001
0000110010010011
0001000001001111
0010011101111001
0000101010000000
0000101001011101
0010011101111001
0000101001111100
0000101001000001
0010011101111001
0000110001001101
0000111111011001
0010011101111001
0000100101110000
0000100011111110
0010011101111001
0000100101010100
0000100011110101
0010011101111001
0000101100010010
0000110111111110
0010011101111001
0000100010001100
0000100010000111
0010011101111001
0000100010101101
0000100010111110
0010011101111001
0000101001010101
0000110111000011
0010011101111001
0000100011011100
0000100011110000
0010011101111001
0000100100001001
0000100011111010
0010011101111001
0000101011000100
0000111000000001
0010011101111001
0000100010100011
0000100001111110
0010011101111001
0000100010010101
0000100010000010
0010011101111001
0000101000011101
0000110101000100
0010011101111001
0000100000100100
0000100000101100
0010011101111001
0000100000110101
0000100000110000
0010011101111001
0000100111000101
0000110011010011
0010011101111001
0000100000110010
0000100000101011
0010011101111001
0000100000110100
0000100000101111
0010011101111001
0000100110111101
0000110011010010
0010011101111001
0000100001110111
0000100100010100
0010011101111001
0000100001101011
0000100100000100
0010011101111001
0000100111110100
0000110111111100
0010011101111001
0000101010010110
0000101010111100
0010011101111001
0000101010100011
0000101011000000
0010011101111001
0000110010100000
0001000011001011
0010011101111001
0000101011111110
0000101011011110
0010011101111001
0000101011110010
0000101011100101
0010011101111001
0000110100000011
0001000100001100
0010011101111001
0000101010011101
0000101010000011
0010011101111001
0000101011000011
0000101011001000
0010011101111001
0000110011010011
0001000100001110
0010011101111001
0000101010000101
0000101010001001
0010011101111001
0000101011001001
0000101011000011
0010011101111001
0000110100010010
0001000100000101
0010011101111001
0000101010101001
0000101011001001
0010011101111001
0000101010111010
0000101010111100
0010011101111001
0000110011010010
0001000011000100
0010011101111001
0000101011100000
0000101011000101
0010011101111001
0000101011001001
0000101010100011
0010011101111001
0000110011000110
0001000010000101
0010011101111001
0000101010011000
0000101010011110
0010011101111001
0000101010101010
0000101011000011
0010011101111001
0000110010111111
0001000011111010
0010011101111001
0000101010100111
0000101010110001
0010011101111001
0000101011101010
0000101011101011
0010011101111001
0000110100011100
0001000100110100
0010011101111001
0000101010100001
0000101010000111
0010011101111001
0000101010110111
0000101010001110
0010011101111001
0000110010111100
0001000001110011
0010011101111001
0000101000010100
0000100111100110
0010011101111001
0000100111101010
0000100111000000
0010011101111001
0000101111000000
0000111100100111
0010011101111001
0000100101010011
0000100100000110
0010011101111001
0000100101100000
0000100100101010
0010011101111001
0000101100101111
0000111001101100
0010011101111001
0000100011000001
0000100011100100
0010011101111001
0000100011010001
0000100011101100
0010011101111001
0000101010010000
0000110111110111
0010011101111001
0000100100000001
0000100011010001
0010011101111001
0000100100011001
0000100011100101
0010011101111001
0000101011100100
0000111000001011
0010011101111001
0000100001110111
0000100001011101
0010011101111001
0000100010000010
0000100001010101
0010011101111001
0000101000110010
0000110100010001
0010011101111001
0000100000110110
0000100000111011
0010011101111001
0000100000101110
0000100000110000
0010011101111001
0000100110111000
0000110011001011
0010011101111001
0000100000101010
0000100000110100
0010011101111001
0000100000010111
0000100000011100
0010011101111001
0000100110001111
0000110010001101
0010011101111001
0000100001001001
0000100011000001
0010011101111001
0000100000101010
0000100010100000
0010011101111001
0000100110101011
0000110101011100
0010011101111001
0000101010101011
0000101011010101
0010011101111001
0000101010111110
0000101011010011
0010011101111001
0000110011010100
0001000011100100
0010011101111001
0000101100100000
0000101100010011
0010011101111001
0000101100110001
0000101100101101
0010011101111001
0000110100111111
0001000101111010
0010011101111001
0000101011000001
0000101011100110
0010011101111001
0000101011001101
0000101011000111
0010011101111001
0000110011111110
0001000011010110
0010011101111001
0000101100100011
0000101100010010
0010011101111001
0000101100010111
0000101100100101
0010011101111001
0000110100100100
0001000101101111
0010011101111001
0000101011111001
0000101011111111
0010011101111001
0000101100010100
0000101100100100
0010011101111001
0000110100110101
0001000101101101
0010011101111001
0000101011010010
0000101010110001
0010011101111001
0000101100000001
0000101011101111
0010011101111001
0000110100100000
0001000100111011
0010011101111001
0000101011100110
0000101100000001
0010011101111001
0000101011110011
0000101011111111
0010011101111001
0000110100001010
0001000100110100
0010011101111001
0000101100001001
0000101011110110
0010011101111001
0000101100001001
0000101011110111
0010011101111001
0000110100011100
0001000100100010
0010011101111001
0000101010110110
0000101010001001
0010011101111001
0000101010110011
0000101010010011
0010011101111001
0000110010101011
0001000010000111
0010011101111001
0000101000001110
0000100111011000
0010011101111001
0000101000101001
0000100111101010
0010011101111001
0000110000010100
0000111110000000
0010011101111001
0000100101101010
0000100101001010
0010011101111001
0000100101100011
0000100101001000
0010011101111001
0000101100110110
0000111010000010
0010011101111001
0000100100100100
0000100100100001
0010011101111001
0000100101011001
0000100101010010
0010011101111001
0000101100100011
0000111010101101
0010011101111001
0000100100101000
0000100100001001
0010011101111001
0000100100101010
0000100100001010
0010011101111001
0000101011100001
0000111000011110
0010011101111001
0000100010101110
0000100001111000
0010011101111001
0000100010110111
0000100010000000
0010011101111001
0000101001100000
0000110101010010
0010011101111001
0000100001001100
0000100001101010
0010011101111001
0000100001100111
0000100001110001
0010011101111001
0000101000000110
0000110100101101
0010011101111001
0000100000010101
0000100000010110
0010011101111001
0000100000100101
0000100000110010
0010011101111001
0000100111000000
0000110011100011
0010011101111001
0000100001000101
0000100010010010
0010011101111001
0000100001010010
0000100010010001
0010011101111001
0000100111001101
0000110101001010
0010011101111001
0000101011010001
0000101011011000
0010011101111001
0000101011010000
0000101011100001
0010011101111001
0000110011100000
0001000100000111
0010011101111001
0000101100011100
0000101100101010
0010011101111001
0000101100100100
0000101100110101
0010011101111001
0000110100111000
0001000110000111
0010011101111001
0000101100101001
0000101100001110
0010011101111001
0000101100110011
0000101100101001
0010011101111001
0000110101000101
0001000101111000
0010011101111001
0000101100001000
0000101100001111
0010011101111001
0000101100001001
0000101100000010
0010011101111001
0000110100111011
0001000101000000
0010011101111001
0000101100010010
0000101011111110
0010011101111001
0000101011110101
0000101011111000
0010011101111001
0000110100000011
0001000100100110
0010011101111001
0000101011111100
0000101100000101
0010011101111001
0000101011110111
0000101011101101
0010011101111001
0000110100000010
0001000011111010
0010011101111001
0000101100010010
0000101100011111
0010011101111001
0000101100010010
0000101100010101
0010011101111001
0000110100010100
0001000100111000
0010011101111001
0000101011110001
0000101011001000
0010011101111001
0000101011010011
0000101010110110
0010011101111001
0000110011000001
0001000010110111
0010011101111001
0000101010000000
0000101001011110
0010011101111001
0000101001101111
0000101001001000
0010011101111001
0000110001011100
0001000000001101
0010011101111001
0000101000000001
0000100111001111
0010011101111001
0000100111110011
0000100111001101
0010011101111001
0000101111010011
0000111101010101
0010011101111001
0000100110101000
0000100101111010
0010011101111001
0000100110100100
0000100101111100
0010011101111001
0000101101011000
0000111011000000
0010011101111001
0000100100111100
0000100101000100
0010011101111001
0000100101000111
0000100100110111
0010011101111001
0000101100011111
0000111001101110
0010011101111001
0000100100101000
0000100100010010
0010011101111001
0000100100110001
0000100100100000
0010011101111001
0000101011111100
0000111001010101
0010011101111001
0000100011000100
0000100010010010
0010011101111001
0000100011001100
0000100010101000
0010011101111001
0000101001111110
0000110110100001
0010011101111001
0000100001100000
0000100001100000
0010011101111001
0000100001011000
0000100001001111
0010011101111001
0000100111110101
0000110011111100
0010011101111001
0000100001000111
0000100000111000
0010011101111001
0000100000111100
0000100000100001
0010011101111001
0000100110110001
0000110010011111
0010011101111001
0000100000100101
0000100001100101
0010011101111001
0000100000110101
0000100001101111
0010011101111001
0000100111011000
0000110100111011
0010011101111001
0000101011011001
0000101011100011
0010011101111001
0000101010110011
0000101011001111
0010011101111001
0000110010001101
0001000011000110
0010011101111001
0000101100010101
0000101100101010
0010011101111001
0000101100001000
0000101100011010
0010011101111001
0000110100001010
0001000101001101
0010011101111001
0000101100101001
0000101101000000
0010011101111001
0000101100110100
0000101100111101
0010011101111001
0000110101001111
0001000110000100
0010011101111001
0000101101101110
0000101101111000
0010011101111001
0000101101010101
0000101101110110
0010011101111001
0000110101000100
0001000110110111
0010011101111001
0000101100011110
0000101100000010
0010011101111001
0000101100101100
0000101011111100
0010011101111001
0000110101001010
0001000100100110
0010011101111001
0000101011011011
0000101010111111
0010011101111001
0000101011001100
0000101010110001
0010011101111001
0000110011010110
0001000010111000
0010011101111001
0000101011011000
0000101011001010
0010011101111001
0000101011010001
0000101011000001
0010011101111001
0000110011101001
0001000011011110
0010011101111001
0000101010110011
0000101010110111
0010011101111001
0000101010101100
0000101010100001
0010011101111001
0000110010100001
0001000010000000
0010011101111001
0000101001001011
0000101000101011
0010011101111001
0000101000101010
0000101000001100
0010011101111001
0000110000001011
0000111110100010
0010011101111001
0000100111101001
0000100111001110
0010011101111001
0000100111001110
0000100110110111
0010011101111001
0000101110011001
0000111100010011
0010011101111001
0000100101110101
0000100101011011
0010011101111001
0000100101100010
0000100101000110
0010011101111001
0000101011111011
0000111001011011
0010011101111001
0000100101011101
0000100101000101
0010011101111001
0000100100111110
0000100100110010
0010011101111001
0000101011011000
0000111001000000
0010011101111001
0000100101000110
0000100100011111
0010011101111001
0000100100101011
0000100011111101
0010011101111001
0000101011011100
0000110111111111
0010011101111001
0000100011011010
0000100010111011
0010011101111001
0000100011000110
0000100010011011
0010011101111001
0000101001011111
0000110101011100
0010011101111001
0000100001110010
0000100001010101
0010011101111001
0000100001011100
0000100000101111
0010011101111001
0000100111011000
0000110010100111
0010011101111001
0000100000010110
0000100000101111
0010011101111001
0000100000001110
0000100000111101
0010011101111001
0000100110001010
0000110011011100
0010011101111001
0000100001101001
0000100010001001
0010011101111001
0000100001111001
0000100010010011
0010011101111001
0000101000001010
0000110101100011
0010011101111001
0000101001101000
0000101001111111
0010011101111001
0000101001010011
0000101001011111
0010011101111001
0000110000111010
0001000000100101
0010011101111001
0000101011010101
0000101011110010
0010011101111001
0000101010101111
0000101011001001
0010011101111001
0000110010100110
0001000011000011
0010011101111001
0000101100100101
0000101100101001
0010011101111001
0000101100001011
0000101100010000
0010011101111001
0000110100010110
0001000100110101
0010011101111001
0000101100000110
0000101100011010
0010011101111001
0000101011111111
0000101100001110
0010011101111001
0000110100000001
0001000100111101
0010011101111001
0000101100110111
0000101100001111
0010011101111001
0000101100101001
0000101100010001
0010011101111001
0000110100101010
0001000100111110
0010011101111001
0000101011011101
0000101011001011
0010011101111001
0000101011001100
0000101010110111
0010011101111001
0000110011000010
0001000010100001
0010011101111001
0000101011101010
0000101011001101
0010011101111001
0000101011001100
0000101010110101
0010011101111001
0000110011000000
0001000010101101
0010011101111001
0000101001111000
0000101001100100
0010011101111001
0000101001101000
0000101001011001
0010011101111001
0000110001100100
0001000000101010
0010011101111001
0000101000100000
0000101000000011
0010011101111001
0000101000010000
0000100111110110
0010011101111001
0000101111101110
0000111110001001
0010011101111001
0000100110111011
0000100101111000
0010011101111001
0000100110110101
0000100101100110
0010011101111001
0000101101111000
0000111010100011
0010011101111001
0000100100000010
0000100100000001
0010011101111001
0000100100001010
0000100011111001
0010011101111001
0000101011010011
0000111000001001
0010011101111001
0000100011101001
0000100011110011
0010011101111001
0000100011001001
0000100011010001
0010011101111001
0000101001100000
0000110110101011
0010011101111001
0000100100011011
0000100011101100
0010011101111001
0000100011111001
0000100011011010
0010011101111001
0000101010000011
0000110111000110
0010011101111001
0000100010101011
0000100010000000
0010011101111001
0000100010100100
0000100001110100
0010011101111001
0000101000111001
0000110100100011
0010011101111001
0000100000100101
0000011111101110
0010011101111001
0000100000011011
0000011111101000
0010011101111001
0000100110011100
0000110001100111
0010011101111001
0000100000001111
0000100000101101
0010011101111001
0000100000000001
0000100000010101
0010011101111001
0000100101110001
0000110010000101
0010011101111001
0000100001100010
0000100010010100
0010011101111001
0000100001011011
0000100010010000
0010011101111001
0000100111100001
0000110101001011
0010011101111001
0000101001010110
0000101001111000
0010011101111001
0000101001000000
0000101001100111
0010011101111001
0000110000001101
0001000000010100
0010011101111001
0000101010101101
0000101010110000
0010011101111001
0000101010010011
0000101010101000
0010011101111001
0000110001100111
0001000010010011
0010011101111001
0000101100000011
0000101011111101
0010011101111001
0000101011111110
0000101011110111
0010011101111001
0000110011110110
0001000100010011
0010011101111001
0000101011110000
0000101100000001
0010011101111001
0000101011100101
0000101011101110
0010011101111001
0000110011011010
0001000011111110
0010011101111001
0000101100000011
0000101100000001
0010011101111001
0000101011101011
0000101011101001
0010011101111001
0000110011010100
0001000011101000
0010011101111001
0000101010110000
0000101010011001
0010011101111001
0000101010101110
0000101010010111
0010011101111001
0000110010110101
0001000010001111
0010011101111001
0000101010110000
0000101010011000
0010011101111001
0000101010101010
0000101010001011
0010011101111001
0000110010100101
0001000001110010
0010011101111001
0000101001110011
0000101001001100
0010011101111001
0000101001100111
0000101000111011
0010011101111001
0000110001001001
0000111111101101
0010011101111001
0000101000001100
0000100111101010
0010011101111001
0000100111111111
0000100111010000
0010011101111001
0000101111011100
0000111100111101
0010011101111001
0000100110010001
0000100101100111
0010011101111001
0000100110000111
0000100101100000
0010011101111001
0000101101001101
0000111010011110
0010011101111001
0000100100001100
0000100011011010
0010011101111001
0000100011010100
0000100010100111
0010011101111001
0000101001100000
0000110101100010
0010011101111001
0000100010101111
0000100010101001
0010011101111001
0000100010010011
0000100010000110
0010011101111001
0000101000011001
0000110100110011
0010011101111001
0000100010101100
0000100011000011
0010011101111001
0000100010010000
0000100010101011
0010011101111001
0000101000100010
0000110101101111
0010011101111001
0000100010000011
0000100000111010
0010011101111001
0000100001111001
0000100000100111
0010011101111001
0000101000000001
0000110010110000
0010011101111001
0000100000001110
0000100000000010
0010011101111001
0000100000000110
0000011111111011
0010011101111001
0000100110000110
0000110001110101
0010011101111001
0000011111101101
0000011111111011
0010011101111001
0000011111100010
0000011111101101
0010011101111001
0000100101000001
0000110001001000
0010011101111001
0000100001010011
0000100010000101
0010011101111001
0000100001010101
0000100010010000
0010011101111001
0000100111010110
0000110101010100
