0010011101111001
0000100010011000
0000100011000000
0010011101111001
0000100010011000
0000100011000000
0010011101111001
0000101000110010
0000110110101000
0010011101111001
0000100010001100
0000100001011100
0010011101111001
0000100010001100
0000100001011100
0010011101111001
0000101000101001
0000110100001111
0010011101111001
0000100000100100
0000100000011000
0010011101111001
0000100000100100
0000100000011000
0010011101111001
0000100110101011
0000110010100011
0010011101111001
0000100001001100
0000100001001100
0010011101111001
0000100001001100
0000100001001100
0010011101111001
0000100111011000
0000110011110101
0010011101111001
0000100000111100
0000100001100000
0010011101111001
0000100000111100
0000100001100000
0010011101111001
0000100111000011
0000110100010001
0010011101111001
0000100000111000
0000100000100000
0010011101111001
0000100000111000
0000100000100000
0010011101111001
0000100111000100
0000110010110001
0010011101111001
0000100000011100
0000100000111000
0010011101111001
0000100000011100
0000100000111000
0010011101111001
0000100110011110
0000110011010010
0010011101111001
0000100000100000
0000100000111100
0010011101111001
0000100000100000
0000100000111100
0010011101111001
0000100110100010
0000110011010111
0010011101111001
0000100001100100
0000100000111000
0010011101111001
0000100001100100
0000100000111000
0010011101111001
0000100111111001
0000110011011001
0010011101111001
0000100000001100
0000100000100000
0010011101111001
0000100000001100
0000100000100000
0010011101111001
0000100110001010
0000110010101101
0010011101111001
0000100001000100
0000100001000100
0010011101111001
0000100001000100
0000100001000100
0010011101111001
0000100111001110
0000110011101001
0010011101111001
0000100000010100
0000100000111100
0010011101111001
0000100000010100
0000100000111100
0010011101111001
0000100110010011
0000110011011000
0010011101111001
0000100000101100
0000100000101100
0010011101111001
0000100000101100
0000100000101100
0010011101111001
0000100110110010
0000110011000001
0010011101111001
0000100000011000
0000100000000100
0010011101111001
0000100000011000
0000100000000100
0010011101111001
0000100110011111
0000110010000111
0010011101111001
0000100000010000
0000011111111100
0010011101111001
0000100000010000
0000011111111100
0010011101111001
0000100110010101
0000110001111010
0010011101111001
0000100000010100
0000100000100000
0010011101111001
0000100000010100
0000100000100000
0010011101111001
0000100110010100
0000110010101110
0010011101111001
0000011111110100
0000011111010100
0010011101111001
0000011111110100
0000011111010100
0010011101111001
0000100101110101
0000110000111101
0010011101111001
0000100010000101
0000100010100111
0010011101111001
0000100001011001
0000100001110010
0010011101111001
0000100111001111
0000110100000100
0010011101111001
0000100010001000
0000100001100000
0010011101111001
0000100001111110
0000100001100101
0010011101111001
0000101000001001
0000110100011011
0010011101111001
0000100000101100
0000100000011110
0010011101111001
0000100000111010
0000100000100101
0010011101111001
0000100111001101
0000110010111100
0010011101111001
0000100001000010
0000100001000011
0010011101111001
0000100000100111
0000100000100111
0010011101111001
0000100110011001
0000110010011100
0010011101111001
0000100000110101
0000100001001011
0010011101111001
0000100000011100
0000100000011101
0010011101111001
0000100110001110
0000110010000110
0010011101111001
0000100000111001
0000100000101000
0010011101111001
0000100000111101
0000100000110110
0010011101111001
0000100111010001
0000110011100000
0010011101111001
0000100000011100
0000100000110101
0010011101111001
0000100000010100
0000100000101111
0010011101111001
0000100110001101
0000110010111110
0010011101111001
0000100000011111
0000100000111100
0010011101111001
0000100000011111
0000100000101111
0010011101111001
0000100110011010
0000110010101111
0010011101111001
0000100001011001
0000100000100100
0010011101111001
0000100000110010
0000100000000011
0010011101111001
0000100110011011
0000110001110000
0010011101111001
0000100000000011
0000100000100010
0010011101111001
0000011111110110
0000100000011010
0010011101111001
0000100101110000
0000110010010101
0010011101111001
0000100000111100
0000100000111101
0010011101111001
0000100000110100
0000100000110101
0010011101111001
0000100110111100
0000110011010000
0010011101111001
0000100000010001
0000100000110000
0010011101111001
0000100000010001
0000100000011111
0010011101111001
0000100110011001
0000110010100111
0010011101111001
0000100000101111
0000100000110000
0010011101111001
0000100000101011
0000100000101011
0010011101111001
0000100110101101
0000110010110100
0010011101111001
0000100000010110
0000100000000011
0010011101111001
0000100000001111
0000100000000110
0010011101111001
0000100110001001
0000110010001011
0010011101111001
0000100000010101
0000100000000100
0010011101111001
0000100000011111
0000100000010010
0010011101111001
0000100110101001
0000110010100100
0010011101111001
0000100000010000
0000100000010110
0010011101111001
0000100000000100
0000011111111011
0010011101111001
0000100101111011
0000110001011100
0010011101111001
0000011111110000
0000011111010000
0010011101111001
0000011111100011
0000011111001001
0010011101111001
0000100101010110
0000110000100100
0010011101111001
0000100001000110
0000100001010101
0010011101111001
0000100001000000
0000100001000101
0010011101111001
0000100110111110
0000110011010111
0010011101111001
0000100001100010
0000100001001111
0010011101111001
0000100001100011
0000100001010000
0010011101111001
0000100111110010
0000110011111100
0010011101111001
0000100001000010
0000100000101011
0010011101111001
0000100001000101
0000100000101100
0010011101111001
0000100111001110
0000110011000100
0010011101111001
0000100000001111
0000011111111100
0010011101111001
0000100000011111
0000100000001110
0010011101111001
0000100110101110
0000110010101101
0010011101111001
0000100000010100
0000100000011001
0010011101111001
0000100000100101
0000100000100011
0010011101111001
0000100110110011
0000110010110101
0010011101111001
0000100001000100
0000100000101111
0010011101111001
0000100000101111
0000100000100001
0010011101111001
0000100110100000
0000110010100001
0010011101111001
0000100000000101
0000100000010110
0010011101111001
0000100000000101
0000100000010110
0010011101111001
0000100110000001
0000110010100001
0010011101111001
0000100000000001
0000100000010001
0010011101111001
0000100000000001
0000100000010100
0010011101111001
0000100110001101
0000110010100010
0010011101111001
0000100000001001
0000011111111011
0010011101111001
0000100000000010
0000011111101101
0010011101111001
0000100101111001
0000110001011000
0010011101111001
0000100000001100
0000100000011010
0010011101111001
0000100000000101
0000100000000110
0010011101111001
0000100101111111
0000110001100110
0010011101111001
0000100000110011
0000100000110101
0010011101111001
0000100000010101
0000100000001111
0010011101111001
0000100110000101
0000110001101101
0010011101111001
0000100000100100
0000100000110010
0010011101111001
0000100000011010
0000100000101000
0010011101111001
0000100110010000
0000110010101001
0010011101111001
0000100000100011
0000100000011110
0010011101111001
0000100000100010
0000100000010011
0010011101111001
0000100110100111
0000110010001100
0010011101111001
0000100000001001
0000100000010101
0010011101111001
0000100000000101
0000100000010100
0010011101111001
0000100110000001
0000110010010111
0010011101111001
0000100000011001
0000100000000101
0010011101111001
0000100000001111
0000011111101110
0010011101111001
0000100110001001
0000110001001001
0010011101111001
0000011111110011
0000011111110000
0010011101111001
0000011111101011
0000011111110101
0010011101111001
0000100101101100
0000110001110100
0010011101111001
0000011111011110
0000011111010110
0010011101111001
0000011111011000
0000011111011110
0010011101111001
0000100101010001
0000110001001101
0010011101111001
0000100000100011
0000100000100100
0010011101111001
0000100000011101
0000100000010011
0010011101111001
0000100110101001
0000110010011001
0010011101111001
0000100001000100
0000100000111001
0010011101111001
0000100000111001
0000100000110100
0010011101111001
0000100111000110
0000110011001110
0010011101111001
0000100000111111
0000100001000001
0010011101111001
0000100001000000
0000100001001000
0010011101111001
0000100111001001
0000110011110011
0010011101111001
0000100000101100
0000100000100110
0010011101111001
0000100000110101
0000100000110011
0010011101111001
0000100111000001
0000110011101000
0010011101111001
0000100000101100
0000100000100111
0010011101111001
0000100000101001
0000100000100011
0010011101111001
0000100110111011
0000110010110101
0010011101111001
0000100000010110
0000100000001111
0010011101111001
0000100000100000
0000100000010100
0010011101111001
0000100110100011
0000110010011111
0010011101111001
0000100000001101
0000100000010011
0010011101111001
0000100000010111
0000100000011000
0010011101111001
0000100110011000
0000110010100111
0010011101111001
0000100000011101
0000100000100000
0010011101111001
0000100000101100
0000100000101110
0010011101111001
0000100110111101
0000110011010010
0010011101111001
0000100000000111
0000100000000100
0010011101111001
0000100000011001
0000100000001110
0010011101111001
0000100110100000
0000110010010001
0010011101111001
0000100000001011
0000011111111101
0010011101111001
0000100000011101
0000100000010111
0010011101111001
0000100110101110
0000110010111000
0010011101111001
0000100000001110
0000100000000110
0010011101111001
0000100000011101
0000100000101100
0010011101111001
0000100110100101
0000110011010011
0010011101111001
0000011111111101
0000100000000000
0010011101111001
0000011111111100
0000011111110110
0010011101111001
0000100101111010
0000110001100001
0010011101111001
0000100000110001
0000100000101010
0010011101111001
0000100000100001
0000100000101001
0010011101111001
0000100110001011
0000110010100100
0010011101111001
0000100000001111
0000100000010101
0010011101111001
0000100000011010
0000100000010001
0010011101111001
0000100110100001
0000110010001001
0010011101111001
0000100000001101
0000011111111101
0010011101111001
0000100000001101
0000100000010010
0010011101111001
0000100110001010
0000110010010111
0010011101111001
0000100000001100
0000100000011101
0010011101111001
0000100000010011
0000100000011110
0010011101111001
0000100110100011
0000110010110001
0010011101111001
0000011111101110
0000011111011011
0010011101111001
0000011111110000
0000011111100110
0010011101111001
0000100101101100
0000110001011111
0010011101111001
0000100000111001
0000100000110001
0010011101111001
0000100000111000
0000100000101110
0010011101111001
0000100110110111
0000110010111111
0010011101111001
0000100001000110
0000100000111001
0010011101111001
0000100001000111
0000100001000000
0010011101111001
0000100111001110
0000110011100011
0010011101111001
0000100000111000
0000100000111000
0010011101111001
0000100000111110
0000100000111010
0010011101111001
0000100111010100
0000110011100010
0010011101111001
0000100000111100
0000100001010011
0010011101111001
0000100000110011
0000100000110101
0010011101111001
0000100110110110
0000110011000000
0010011101111001
0000100001000101
0000100000111101
0010011101111001
0000100001000100
0000100001000111
0010011101111001
0000100111001111
0000110011101010
0010011101111001
0000100000010111
0000100000100010
0010011101111001
0000100000011001
0000100000101110
0010011101111001
0000100110010011
0000110011000100
0010011101111001
0000100000011011
0000100000101111
0010011101111001
0000100000100100
0000100000100110
0010011101111001
0000100110110100
0000110010101010
0010011101111001
0000100000011101
0000100000010011
0010011101111001
0000100000001000
0000100000000001
0010011101111001
0000100110000010
0000110001111100
0010011101111001
0000100000010001
0000100000000101
0010011101111001
0000100000001101
0000100000001100
0010011101111001
0000100110001001
0000110010010111
0010011101111001
0000100000100000
0000100000001111
0010011101111001
0000100000010001
0000100000001001
0010011101111001
0000100101111100
0000110010010000
0010011101111001
0000100000011001
0000100000011110
0010011101111001
0000100000100000
0000100000100011
0010011101111001
0000100110100111
0000110011000000
0010011101111001
0000011111111110
0000011111101000
0010011101111001
0000100000001101
0000100000000011
0010011101111001
0000100110011001
0000110010011111
0010011101111001
0000011111111110
0000100000010110
0010011101111001
0000100000010010
0000100000100011
0010011101111001
0000100110011100
0000110010110010
0010011101111001
0000100000011101
0000100000000111
0010011101111001
0000100000100110
0000100000010101
0010011101111001
0000100110110010
0000110010100111
0010011101111001
0000100000011000
0000100000011000
0010011101111001
0000100000011100
0000100000100011
0010011101111001
0000100110010001
0000110010111000
0010011101111001
0000100000110000
0000100000011111
0010011101111001
0000100000101010
0000100000100000
0010011101111001
0000100110110000
0000110010111001
0010011101111001
0000011111100100
0000011111001111
0010011101111001
0000011111100110
0000011111010100
0010011101111001
0000100101110100
0000110001011001
0010011101111001
0000100000100010
0000100000111010
0010011101111001
0000100000101001
0000100000111111
0010011101111001
0000100110111111
0000110011100100
0010011101111001
0000100001000010
0000100000111010
0010011101111001
0000100000111111
0000100000111010
0010011101111001
0000100111000001
0000110011011000
0010011101111001
0000100001001000
0000100000111100
0010011101111001
0000100001001100
0000100001001000
0010011101111001
0000100111010011
0000110011111001
0010011101111001
0000100000111000
0000100000110110
0010011101111001
0000100001001100
0000100001000100
0010011101111001
0000101000000111
0000110100000001
0010011101111001
0000100000111001
0000100000100100
0010011101111001
0000100000100111
0000100000010111
0010011101111001
0000100110011111
0000110010011010
0010011101111001
0000100000000010
0000100000001111
0010011101111001
0000100000001011
0000011111111101
0010011101111001
0000100110001111
0000110001101100
0010011101111001
0000100000111001
0000100000100111
0010011101111001
0000100000110100
0000100000110100
0010011101111001
0000100110110100
0000110011010110
0010011101111001
0000100000001010
0000100000000111
0010011101111001
0000100000100010
0000100000011000
0010011101111001
0000100110111110
0000110010110100
0010011101111001
0000100000001001
0000100000001000
0010011101111001
0000100000011011
0000100000001000
0010011101111001
0000100110111110
0000110010011001
0010011101111001
0000011111100111
0000100000000010
0010011101111001
0000011111101101
0000100000000000
0010011101111001
0000100101111011
0000110010001000
0010011101111001
0000100000011001
0000100000011100
0010011101111001
0000100000000100
0000100000000011
0010011101111001
0000100110000010
0000110001110110
0010011101111001
0000100000101010
0000100000111000
0010011101111001
0000100000110010
0000100000111111
0010011101111001
0000100110101100
0000110011010111
0010011101111001
0000100000011100
0000100000011100
0010011101111001
0000100000100110
0000100000011111
0010011101111001
0000100110110101
0000110010110011
0010011101111001
0000100000101011
0000100000100010
0010011101111001
0000100000101001
0000100000110011
0010011101111001
0000100110111010
0000110011100001
0010011101111001
0000100000010001
0000100000011000
0010011101111001
0000100000011000
0000100000000110
0010011101111001
0000100110010000
0000110001101101
0010011101111001
0000100000101010
0000100000101111
0010011101111001
0000100000100001
0000100000110101
0010011101111001
0000100110011111
0000110011001101
0010011101111001
0000100000011101
0000100000001010
0010011101111001
0000100000011101
0000100000000100
0010011101111001
0000100110100001
0000110010001000
0010011101111001
0000100001010000
0000100001011011
0010011101111001
0000100001000010
0000100001011000
0010011101111001
0000100110111100
0000110011110110
0010011101111001
0000100001000001
0000100001010000
0010011101111001
0000100000111010
0000100001010001
0010011101111001
0000100111000000
0000110011110101
0010011101111001
0000100000100001
0000100001001000
0010011101111001
0000100000010001
0000100000101101
0010011101111001
0000100110100110
0000110010110101
0010011101111001
0000100010100110
0000100001010111
0010011101111001
0000100010010011
0000100001010001
0010011101111001
0000100111110110
0000110011101001
0010011101111001
0000100000010100
0000100000011001
0010011101111001
0000100000011111
0000100000101010
0010011101111001
0000100110101011
0000110011000110
0010011101111001
0000100000000010
0000100000000101
0010011101111001
0000100000000100
0000100000001011
0010011101111001
0000100110010010
0000110010010010
0010011101111001
0000100000100110
0000100000101011
0010011101111001
0000100000101000
0000100000011101
0010011101111001
0000100110101101
0000110010100001
0010011101111001
0000100000111011
0000100000110000
0010011101111001
0000100000011110
0000100000011110
0010011101111001
0000100110001000
0000110010001010
0010011101111001
0000100001011001
0000100000110011
0010011101111001
0000100001000010
0000100000110000
0010011101111001
0000100110011100
0000110010101100
0010011101111001
0000100000000010
0000100000000000
0010011101111001
0000011111111011
0000011111100111
0010011101111001
0000100101111010
0000110001001010
0010011101111001
0000100000010100
0000100000011001
0010011101111001
0000100000000000
0000100000001100
0010011101111001
0000100101110000
0000110001111100
0010011101111001
0000100000001000
0000100000010001
0010011101111001
0000100000001110
0000100000000010
0010011101111001
0000100110011001
0000110001110110
0010011101111001
0000100000110111
0000100001000000
0010011101111001
0000100000100000
0000100000110000
0010011101111001
0000100110001101
0000110010101101
0010011101111001
0000100000111001
0000100000110101
0010011101111001
0000100000101110
0000100000011010
0010011101111001
0000100110100110
0000110010001111
0010011101111001
0000011111111000
0000011111100101
0010011101111001
0000100000000000
0000011111111101
0010011101111001
0000100110000000
0000110010001101
0010011101111001
0000100000011001
0000100000100000
0010011101111001
0000100000011011
0000100000010101
0010011101111001
0000100110100000
0000110010010101
0010011101111001
0000100000001010
0000011111111001
0010011101111001
0000011111111110
0000011111111100
0010011101111001
0000100101110011
0000110001110111
0010011101111001
0000100000101000
0000100000101111
0010011101111001
0000100000101001
0000100000100010
0010011101111001
0000100110111001
0000110010111011
0010011101111001
0000100000111000
0000100000111110
0010011101111001
0000100000101011
0000100000111110
0010011101111001
0000100110101110
0000110011101000
0010011101111001
0000100000110110
0000100000110000
0010011101111001
0000100000111000
0000100000111011
0010011101111001
0000100111001001
0000110011100101
0010011101111001
0000100000110101
0000100000110011
0010011101111001
0000100000101100
0000100000110010
0010011101111001
0000100110100110
0000110011000100
0010011101111001
0000100000101000
0000100000011111
0010011101111001
0000100000101100
0000100000100001
0010011101111001
0000100110100100
0000110010100011
0010011101111001
0000100000100010
0000100000010100
0010011101111001
0000100000010111
0000100000010010
0010011101111001
0000100110001111
0000110010010010
0010011101111001
0000100000100101
0000100000101000
0010011101111001
0000100000100100
0000100000111010
0010011101111001
0000100110011101
0000110011010111
0010011101111001
0000011111101110
0000011111100101
0010011101111001
0000011111111000
0000011111110001
0010011101111001
0000100110000100
0000110001111001
0010011101111001
0000011111100011
0000011111101001
0010011101111001
0000011111100111
0000011111101001
0010011101111001
0000100101100001
0000110001011011
0010011101111001
0000011111111111
0000011111101010
0010011101111001
0000011111110101
0000011111100110
0010011101111001
0000100101110000
0000110001010010
0010011101111001
0000100000000100
0000100000010001
0010011101111001
0000011111110111
0000100000000110
0010011101111001
0000100101100101
0000110001110100
0010011101111001
0000100000000100
0000011111110010
0010011101111001
0000011111110111
0000011111111000
0010011101111001
0000100101110100
0000110001111000
0010011101111001
0000100000000011
0000100000000010
0010011101111001
0000100000001001
0000011111111011
0010011101111001
0000100110001101
0000110001111000
0010011101111001
0000100000010000
0000100000001000
0010011101111001
0000011111111110
0000100000000010
0010011101111001
0000100101110010
0000110001110001
0010011101111001
0000011111101111
0000100000000010
0010011101111001
0000011111100011
0000011111101000
0010011101111001
0000100101100000
0000110001001110
0010011101111001
0000100000101000
0000100000001111
0010011101111001
0000100000100110
0000100000010100
0010011101111001
0000100110011111
0000110010100011
0010011101111001
0000011111111000
0000011111110011
0010011101111001
0000100000000110
0000011111110011
0010011101111001
0000100110001101
0000110001100100
0010011101111001
0000100000111100
0000100000111010
0010011101111001
0000100000111001
0000100001000000
0010011101111001
0000100111000111
0000110011101111
0010011101111001
0000100001000101
0000100001010111
0010011101111001
0000100001011001
0000100001011010
0010011101111001
0000100111110001
0000110100001011
0010011101111001
0000100001000100
0000100001001010
0010011101111001
0000100000111111
0000100001001100
0010011101111001
0000100111010111
0000110011111100
0010011101111001
0000100000010110
0000100000010001
0010011101111001
0000100000011011
0000100000000001
0010011101111001
0000100110100101
0000110001111010
0010011101111001
0000100000000110
0000011111111101
0010011101111001
0000100000000110
0000011111111111
0010011101111001
0000100110000101
0000110001111110
0010011101111001
0000011111111011
0000011111101000
0010011101111001
0000011111111100
0000011111101101
0010011101111001
0000100101111101
0000110001110010
0010011101111001
0000011111111010
0000100000010000
0010011101111001
0000011111111100
0000100000001000
0010011101111001
0000100110001100
0000110010010001
0010011101111001
0000100000001110
0000100000010001
0010011101111001
0000100000000101
0000100000000110
0010011101111001
0000100110000011
0000110001111100
0010011101111001
0000011111110110
0000100000001110
0010011101111001
0000011111111101
0000100000010111
0010011101111001
0000100101111010
0000110010010010
0010011101111001
0000011111101111
0000011111101000
0010011101111001
0000011111110101
0000011111101101
0010011101111001
0000100101111000
0000110001100001
0010011101111001
0000100000000010
0000100000010000
0010011101111001
0000100000001100
0000100000010111
0010011101111001
0000100110001000
0000110010011001
0010011101111001
0000100000000011
0000100000010101
0010011101111001
0000100000001000
0000100000011110
0010011101111001
0000100110000101
0000110010110010
0010011101111001
0000100000001010
0000100000000111
0010011101111001
0000011111111111
0000100000000001
0010011101111001
0000100101110010
0000110001110110
0010011101111001
0000011111111000
0000011111110011
0010011101111001
0000011111111011
0000011111111111
0010011101111001
0000100101111000
0000110001111010
0010011101111001
0000011111110011
0000011111111010
0010011101111001
0000100000000100
0000100000011001
0010011101111001
0000100101111111
0000110010110101
0010011101111001
0000100000010110
0000100000100110
0010011101111001
0000100000010111
0000100000001101
0010011101111001
0000100110011101
0000110001110100
0010011101111001
0000100000000011
0000011111101111
0010011101111001
0000011111111000
0000011111110011
0010011101111001
0000100101101011
0000110001100010
0010011101111001
0000100000111111
0000100001000000
0010011101111001
0000100001010101
0000100001001101
0010011101111001
0000100111110011
0000110100010001
0010011101111001
0000100001010111
0000100001011111
0010011101111001
0000100000111111
0000100001010110
0010011101111001
0000100110111000
0000110011101101
0010011101111001
0000100001101001
0000100001010110
0010011101111001
0000100001100111
0000100001001101
0010011101111001
0000100111101101
0000110011100011
0010011101111001
0000100000100101
0000100000010101
0010011101111001
0000100000011110
0000100000001010
0010011101111001
0000100110011101
0000110001111110
0010011101111001
0000011111111100
0000100000001111
0010011101111001
0000011111100111
0000100000010000
0010011101111001
0000100101011101
0000110010011000
0010011101111001
0000011111111110
0000100000000000
0010011101111001
0000100000000110
0000011111111011
0010011101111001
0000100110001010
0000110001110011
0010011101111001
0000100000011000
0000100000011000
0010011101111001
0000100000011100
0000100000101110
0010011101111001
0000100110010100
0000110011010001
0010011101111001
0000100000001111
0000100000001111
0010011101111001
0000100000011100
0000100000010110
0010011101111001
0000100110100001
0000110010011101
0010011101111001
0000011111111101
0000011111101111
0010011101111001
0000100000011001
0000100000010110
0010011101111001
0000100110100001
0000110011000000
0010011101111001
0000011111111011
0000011111110111
0010011101111001
0000011111111100
0000011111101101
0010011101111001
0000100101111110
0000110001001111
0010011101111001
0000100000000000
0000011111110000
0010011101111001
0000100000000111
0000011111110110
0010011101111001
0000100110000101
0000110001111011
0010011101111001
0000011111101101
0000011111111001
0010011101111001
0000011111100100
0000011111101110
0010011101111001
0000100101101001
0000110001101100
0010011101111001
0000011111101110
0000011111111001
0010011101111001
0000011111100011
0000011111110010
0010011101111001
0000100101011100
0000110001100111
0010011101111001
0000011111110010
0000011111101001
0010011101111001
0000011111111000
0000011111111010
0010011101111001
0000100101111111
0000110010001011
0010011101111001
0000011111100100
0000100000010110
0010011101111001
0000011111101001
0000100000010100
0010011101111001
0000100101110100
0000110010100100
0010011101111001
0000100000011100
0000100000000000
0010011101111001
0000100000011010
0000100000011000
0010011101111001
0000100110011000
0000110010110000
0010011101111001
0000011111111100
0000011111101110
0010011101111001
0000100000011101
0000100000001001
0010011101111001
0000100110110001
0000110010100110
0010011101111001
0000100001001110
0000100001100011
0010011101111001
0000100000110110
0000100001011011
0010011101111001
0000100110111000
0000110100000111
0010011101111001
0000100000110010
0000100000110110
0010011101111001
0000100001000011
0000100000111010
0010011101111001
0000100111100001
0000110011011110
0010011101111001
0000100001001001
0000100000011001
0010011101111001
0000100001000000
0000100000100000
0010011101111001
0000100111000011
0000110010111011
0010011101111001
0000100000010111
0000100000001110
0010011101111001
0000100000011000
0000100000010010
0010011101111001
0000100110011101
0000110010100000
0010011101111001
0000011111111010
0000100000010011
0010011101111001
0000011111111001
0000100000001010
0010011101111001
0000100110000100
0000110010001111
0010011101111001
0000011111110101
0000011111010001
0010011101111001
0000011111111111
0000011111010110
0010011101111001
0000100110001010
0000110001010110
0010011101111001
0000011111110111
0000100000011110
0010011101111001
0000100000000100
0000100000101011
0010011101111001
0000100110100000
0000110011011000
0010011101111001
0000100000010001
0000011111111110
0010011101111001
0000100000001111
0000011111111101
0010011101111001
0000100110010000
0000110001111101
0010011101111001
0000100000000110
0000100000010101
0010011101111001
0000011111111101
0000100000001100
0010011101111001
0000100110000111
0000110010011000
0010011101111001
0000100000000110
0000011111101011
0010011101111001
0000100000001100
0000011111101111
0010011101111001
0000100110001011
0000110001011101
0010011101111001
0000011111111110
0000100000001110
0010011101111001
0000011111110110
0000100000001000
0010011101111001
0000100101110010
0000110010001011
0010011101111001
0000011111111011
0000011111110111
0010011101111001
0000100000000101
0000100000000000
0010011101111001
0000100110001001
0000110010001010
0010011101111001
0000011111101110
0000011111111000
0010011101111001
0000011111101100
0000011111110010
0010011101111001
0000100101011101
0000110001100001
0010011101111001
0000100000000101
0000100000001000
0010011101111001
0000011111110110
0000011111110101
0010011101111001
0000100101101010
0000110001100001
0010011101111001
0000100000000110
0000100000001011
0010011101111001
0000100000000100
0000011111111001
0010011101111001
0000100110001001
0000110001110000
0010011101111001
0000100000010000
0000100000011110
0010011101111001
0000100000001110
0000100000010111
0010011101111001
0000100110010100
0000110010011010
0010011101111001
0000100000010011
0000100000001000
0010011101111001
0000011111110011
0000011111101010
0010011101111001
0000100101100000
0000110001001001
0010011101111001
0000100000101011
0000100001001001
0010011101111001
0000100000110110
0000100001001111
0010011101111001
0000100111000010
0000110011111011
0010011101111001
0000100001100010
0000100001011010
0010011101111001
0000100001100010
0000100001100010
0010011101111001
0000100111100110
0000110100001011
0010011101111001
0000100001001000
0000100000110010
0010011101111001
0000100001000100
0000100000100001
0010011101111001
0000100111001101
0000110010100110
0010011101111001
0000100000010100
0000100000100011
0010011101111001
0000100000010001
0000100000011110
0010011101111001
0000100110011000
0000110010100110
0010011101111001
0000100000011111
0000100000010011
0010011101111001
0000100000010110
0000100000010110
0010011101111001
0000100110000101
0000110010010111
0010011101111001
0000100000010100
0000100000011111
0010011101111001
0000100000001111
0000100000011000
0010011101111001
0000100110010011
0000110010010011
0010011101111001
0000100000100110
0000100000101110
0010011101111001
0000100000010101
0000100000010111
0010011101111001
0000100110010111
0000110010010110
0010011101111001
0000100000001010
0000011111110100
0010011101111001
0000100000001111
0000011111110110
0010011101111001
0000100110011001
0000110001111101
0010011101111001
0000100000010110
0000100000010101
0010011101111001
0000100000001001
0000100000000101
0010011101111001
0000100101111110
0000110001111001
0010011101111001
0000011111110011
0000011111011110
0010011101111001
0000011111101111
0000011111100001
0010011101111001
0000100101110000
0000110001010011
0010011101111001
0000100000000001
0000100000000111
0010011101111001
0000100000000001
0000011111110111
0010011101111001
0000100101111001
0000110001100100
0010011101111001
0000100000000010
0000100000010100
0010011101111001
0000011111101001
0000100000000011
0010011101111001
0000100101010100
0000110001101101
0010011101111001
0000011111011101
0000011111011001
0010011101111001
0000011111110010
0000011111100000
0010011101111001
0000100110001000
0000110001101000
0010011101111001
0000011111110001
0000011111111110
0010011101111001
0000011111110011
0000011111111001
0010011101111001
0000100101110101
0000110001100110
0010011101111001
0000100000001001
0000100000000000
0010011101111001
0000100000000100
0000011111110111
0010011101111001
0000100110000010
0000110001101000
0010011101111001
0000100000001111
0000100000000000
0010011101111001
0000100000001001
0000100000001000
0010011101111001
0000100101111111
0000110010010010
0010011101111001
0000011111110111
0000011111110010
0010011101111001
0000100000010100
0000100000010010
0010011101111001
0000100110010111
0000110010101011
0010011101111001
0000100001000011
0000100001011000
0010011101111001
0000100001001001
0000100001011111
0010011101111001
0000100111010011
0000110100010001
0010011101111001
0000100000111101
0000100000111110
0010011101111001
0000100000111000
0000100000111000
0010011101111001
0000100111000100
0000110011010010
0010011101111001
0000100001000110
0000100000111001
0010011101111001
0000100000110001
0000100000101101
0010011101111001
0000100110011011
0000110010100110
0010011101111001
0000100000010111
0000100000001101
0010011101111001
0000100000001000
0000100000000010
0010011101111001
0000100101111110
0000110001111100
0010011101111001
0000011111111010
0000100000000111
0010011101111001
0000100000000001
0000100000001010
0010011101111001
0000100110000010
0000110010000011
0010011101111001
0000100000011000
0000100000010000
0010011101111001
0000100000001101
0000100000001001
0010011101111001
0000100101111000
0000110001111101
0010011101111001
0000100000100001
0000100000100101
0010011101111001
0000100000100100
0000100000101100
0010011101111001
0000100110101100
0000110011000110
0010011101111001
0000100000100101
0000100000011110
0010011101111001
0000100000100110
0000100000011110
0010011101111001
0000100110011110
0000110010100001
0010011101111001
0000011111110111
0000011111111101
0010011101111001
0000011111111000
0000100000001000
0010011101111001
0000100101111100
0000110010010111
0010011101111001
0000011111111111
0000011111110000
0010011101111001
0000100000001011
0000100000000101
0010011101111001
0000100110001000
0000110010010000
0010011101111001
0000011111101011
0000011111100110
0010011101111001
0000011111101000
0000011111101101
0010011101111001
0000100101101011
0000110001100101
0010011101111001
0000011111010111
0000011111011010
0010011101111001
0000011111110010
0000011111100101
0010011101111001
0000100110000001
0000110001100111
0010011101111001
0000100000010100
0000100000011101
0010011101111001
0000011111110011
0000011111110110
0010011101111001
0000100101011111
0000110001000100
0010011101111001
0000011111110101
0000011111101101
0010011101111001
0000011111110101
0000100000000011
0010011101111001
0000100101111001
0000110010010100
0010011101111001
0000100000001100
0000011111110110
0010011101111001
0000100000001010
0000011111101110
0010011101111001
0000100101111011
0000110001011001
0010011101111001
0000011111110000
0000100000000010
0010011101111001
0000011111101101
0000100000000011
0010011101111001
0000100101110100
0000110010000110
0010011101111001
0000100000000100
0000100000010011
0010011101111001
0000100000000101
0000100000001010
0010011101111001
0000100110000100
0000110010000010
0010011101111001
0000100000111000
0000100001000001
0010011101111001
0000100000100100
0000100000100011
0010011101111001
0000100110011000
0000110010100000
0010011101111001
0000100000111001
0000100000100111
0010011101111001
0000100000111101
0000100000101101
0010011101111001
0000100111000101
0000110011001100
0010011101111001
0000100000001110
0000100000001001
0010011101111001
0000100000001110
0000100000001001
0010011101111001
0000100110010010
0000110010001011
0010011101111001
0000100000000000
0000100000010011
0010011101111001
0000011111110101
0000100000010110
0010011101111001
0000100101100000
0000110010010000
0010011101111001
0000100000000111
0000011111110010
0010011101111001
0000100000001110
0000011111111110
0010011101111001
0000100110010011
0000110010000101
0010011101111001
0000011111101110
0000011111110111
0010011101111001
0000011111111110
0000011111111011
0010011101111001
0000100110010001
0000110001111011
0010011101111001
0000100000010101
0000100000100010
0010011101111001
0000011111110011
0000100000010100
0010011101111001
0000100101100011
0000110010011010
0010011101111001
0000100000010001
0000100000010001
0010011101111001
0000100000100111
0000100000101100
0010011101111001
0000100111000011
0000110011100001
0010011101111001
0000100000000101
0000100000000000
0010011101111001
0000100000011110
0000011111111001
0010011101111001
0000100111000010
0000110010000001
0010011101111001
0000011111011111
0000011111100111
0010011101111001
0000011111011000
0000011111101101
0010011101111001
0000100101100010
0000110001111000
0010011101111001
0000100000001101
0000100000001100
0010011101111001
0000100000100011
0000100000100011
0010011101111001
0000100110111100
0000110011000100
0010011101111001
0000100000000010
0000100000000000
0010011101111001
0000011111110010
0000011111101111
0010011101111001
0000100101100000
0000110001010111
0010011101111001
0000011111110110
0000011111110000
0010011101111001
0000100000000011
0000011111111010
0010011101111001
0000100110000011
0000110001110000
0010011101111001
0000011111111100
0000011111110101
0010011101111001
0000011111111011
0000011111110101
0010011101111001
0000100101110000
0000110001101111
0010011101111001
0000011111100001
0000011111101110
0010011101111001
0000011111100010
0000011111111100
0010011101111001
0000100101100001
0000110010000100
0010011101111001
0000100000011000
0000100000001101
0010011101111001
0000100000100100
0000100000001000
0010011101111001
0000100110100011
0000110010000110
0010011101111001
0000011111111010
0000011111101101
0010011101111001
0000011111111010
0000011111101010
0010011101111001
0000100101111100
0000110001010111
0010011101111001
0000100000001010
0000100000000111
0010011101111001
0000011111100111
0000011111100001
0010011101111001
0000100100111111
0000110000101000
0010011101111001
0000100000011100
0000100000011000
0010011101111001
0000011111110101
0000011111110110
0010011101111001
0000100101100010
0000110001011000
0010011101111001
0000100000000110
0000100000001001
0010011101111001
0000011111011101
0000011111111010
0010011101111001
0000100100111100
0000110001011011
0010011101111001
0000011111110010
0000100000001010
0010011101111001
0000100000001001
0000100000001100
0010011101111001
0000100110001010
0000110010000101
0010011101111001
0000100000010010
0000100000010010
0010011101111001
0000100000000110
0000100000001111
0010011101111001
0000100101110011
0000110010000101
0010011101111001
0000100000011010
0000100000000010
0010011101111001
0000100000010011
0000100000000101
0010011101111001
0000100110001111
0000110010000111
0010011101111001
0000100000000000
0000100000100000
0010011101111001
0000100000001111
0000100000100001
0010011101111001
0000100110010100
0000110010110000
0010011101111001
0000100000111011
0000100000111100
0010011101111001
0000100000110001
0000100000110011
0010011101111001
0000100110111101
0000110011001111
0010011101111001
0000100000111101
0000100000011001
0010011101111001
0000100000111011
0000100000101100
0010011101111001
0000100111001101
0000110011010010
0010011101111001
0000100000000001
0000100000010111
0010011101111001
0000100000000011
0000100000010001
0010011101111001
0000100110000010
0000110010001010
0010011101111001
0000100000110111
0000100000011110
0010011101111001
0000100000010110
0000100000001110
0010011101111001
0000100110001000
0000110010001011
0010011101111001
0000011111110000
0000100000000000
0010011101111001
0000100000000010
0000011111111011
0010011101111001
0000100110000101
0000110001110001
0010011101111001
0000100000001001
0000100000000010
0010011101111001
0000100000100000
0000100000100010
0010011101111001
0000100110101001
0000110010111110
0010011101111001
0000011111110011
0000011111111110
0010011101111001
0000011111110110
0000011111111101
0010011101111001
0000100101110110
0000110001110010
0010011101111001
0000011111101011
0000011111101111
0010011101111001
0000011111110111
0000011111101111
0010011101111001
0000100101111010
0000110001101111
0010011101111001
0000100000000011
0000100000000010
0010011101111001
0000100000000001
0000100000010000
0010011101111001
0000100110000010
0000110010101001
0010011101111001
0000011111111110
0000011111011010
0010011101111001
0000011111111001
0000011111100100
0010011101111001
0000100101101010
0000110001010000
0010011101111001
0000011110011001
0000011110100100
0010011101111001
0000011101110000
0000011110001000
0010011101111001
0000100011000000
0000101110100100
0010011101111001
0000011111011100
0000011111100001
0010011101111001
0000011110111111
0000011111001010
0010011101111001
0000100100000101
0000110000000110
0010011101111001
0000011111010001
0000011111100000
0010011101111001
0000011111001101
0000011111011001
0010011101111001
0000100100101100
0000110000111000
0010011101111001
0000011111101100
0000011111101101
0010011101111001
0000011111100000
0000011111101001
0010011101111001
0000100101001101
0000110001010001
0010011101111001
0000011111100001
0000011111100001
0010011101111001
0000011111100001
0000011111011100
0010011101111001
0000100101010100
0000110001001001
0010011101111001
0000100000001100
0000100000001001
0010011101111001
0000011111111010
0000011111111110
0010011101111001
0000100101100010
0000110001101110
0010011101111001
0000100000011011
0000100000111010
0010011101111001
0000100000100000
0000100000111111
0010011101111001
0000100110100111
0000110011011100
0010011101111001
0000100001000010
0000100000110000
0010011101111001
0000100001001010
0000100000111000
0010011101111001
0000100111011010
0000110011011011
0010011101111001
0000100001000110
0000100000111100
0010011101111001
0000100001001010
0000100001001101
0010011101111001
0000100111010010
0000110100000010
0010011101111001
0000100000011100
0000100000011111
0010011101111001
0000100000110110
0000100000110100
0010011101111001
0000100111001011
0000110011011011
0010011101111001
0000100000000010
0000011111100111
0010011101111001
0000100000001000
0000011111100111
0010011101111001
0000100110000101
0000110001100010
0010011101111001
0000011111110011
0000011111110000
0010011101111001
0000100000000101
0000011111111101
0010011101111001
0000100110100001
0000110010010100
0010011101111001
0000100000000011
0000011111110110
0010011101111001
0000011111110010
0000011111110101
0010011101111001
0000100101101101
0000110001111011
0010011101111001
0000011111110010
0000011111110010
0010011101111001
0000011111110111
0000100000000000
0010011101111001
0000100110000010
0000110010001111
0010011101111001
0000011111111111
0000100000001100
0010011101111001
0000100000000011
0000100000010010
0010011101111001
0000100110000111
0000110010100001
0010011101111001
0000011111111001
0000100000000101
0010011101111001
0000011111101010
0000011111101011
0010011101111001
0000100101100001
0000110001001111
0010011101111001
0000011111100100
0000011111011101
0010011101111001
0000011111101111
0000011111110000
0010011101111001
0000100101111011
0000110001111101
0010011101111001
0000011110001011
0000011101110001
0010011101111001
0000100000101110
0000011111010111
0010011101111001
0000101011100110
0000110100000111
0010011101111001
0000011101100101
0000011101111000
0010011101111001
0000011101101001
0000011101011001
0010011101111001
0000100101001111
0000101110000110
0010011101111001
0000011110010111
0000011111001110
0010011101111001
0000011101010011
0000011110001111
0010011101111001
0000100010011110
0000101110010011
0010011101111001
0000011110111001
0000011110111111
0010011101111001
0000011110011101
0000011110100101
0010011101111001
0000100011111000
0000101111011001
0010011101111001
0000011111010010
0000011111011100
0010011101111001
0000011111000111
0000011111000101
0010011101111001
0000100100011100
0000110000000001
0010011101111001
0000011111010101
0000011111101110
0010011101111001
0000011111000010
0000011111010110
0010011101111001
0000100100100000
0000110000011110
0010011101111001
0000100000101000
0000100001000001
0010011101111001
0000100000010101
0000100000101100
0010011101111001
0000100110000000
0000110010100000
0010011101111001
0000100001000111
0000100000111011
0010011101111001
0000100000110111
0000100001000000
0010011101111001
0000100110101001
0000110011011110
0010011101111001
0000100000110110
0000100001000000
0010011101111001
0000100000110001
0000100000101011
0010011101111001
0000100110100111
0000110010101101
0010011101111001
0000100000111000
0000100000110101
0010011101111001
0000100000100111
0000100000101000
0010011101111001
0000100110100010
0000110010101101
0010011101111001
0000011111111111
0000011111101011
0010011101111001
0000100000000110
0000011111101100
0010011101111001
0000100110001111
0000110001100100
0010011101111001
0000100000100010
0000100000010110
0010011101111001
0000100000010010
0000100000010000
0010011101111001
0000100110001011
0000110010010110
0010011101111001
0000011111101100
0000011111110111
0010011101111001
0000011111100010
0000011111100011
0010011101111001
0000100101011101
0000110001001100
0010011101111001
0000100000000100
0000011111110111
0010011101111001
0000011111111100
0000011111110101
0010011101111001
0000100110001000
0000110001111111
0010011101111001
0000011111110110
0000100000000000
0010011101111001
0000011111100111
0000011111110001
0010011101111001
0000100101011000
0000110001100100
0010011101111001
0000011111110010
0000011111100111
0010011101111001
0000011111111110
0000011111110100
0010011101111001
0000100101111011
0000110001110000
0010011101111001
0000011111111101
0000011111111100
0010011101111001
0000011111101110
0000011111100010
0010011101111001
0000100101101001
0000110001000001
