0010011101111001
0000001100110100
0000011001110000
0010011101111001
0000001100111001
0000011110101101
0010011101111001
0000001110101000
0000101000100101
0010011101111001
0000011010000010
0000011010001001
0010011101111001
0000011110101101
0000011001110101
0010011101111001
0000011110101101
0000101000000111
0010011101111001
0000011010101111
0000011010111101
0010011101111001
0000011010110110
0000011001001101
0010011101111001
0000011111100011
0000100100101001
0010011101111001
0000011010010001
0000011010011101
0010011101111001
0000011010001001
0000011000100110
0010011101111001
0000011110101011
0000100011101010
0010011101111001
0000011010000001
0000010110011110
0010011101111001
0000011100110100
0000010100101110
0010011101111001
0000100001011000
0000011110001000
0010011101111001
0000010110010100
0000001111110010
0010011101111001
0000010111111100
0000010010110111
0010011101111001
0000011011010000
0000100010100011
0010011101111001
0000010110101010
0000010100101110
0010011101111001
0000011100101110
0000010111101111
0010011101111001
0000011111101110
0000100101001001
0010011101111001
0000010110100010
0000010110011111
0010011101111001
0000010110011000
0000010110001100
0010011101111001
0000011010100011
0000100010010110
0010011101111001
0000010111010000
0000011000111010
0010011101111001
0000010111001110
0000011000110011
0010011101111001
0000011011000010
0000100110010011
0010011101111001
0000011101100011
0000011111101110
0010011101111001
0000011101100000
0000011111101101
0010011101111001
0000100010111011
0000110001010110
0010011101111001
0000100011010001
0000100100101010
0010011101111001
0000100011001010
0000100100101100
0010011101111001
0000101001100101
0000111001000111
0010011101111001
0000100001111010
0000100111100000
0010011101111001
0000011101001001
0000100111100100
0010011101111001
0000100100001101
0000111101110010
0010011101111001
0000101001101011
0000100111111111
0010011101111001
0000101001100011
0000101010100110
0010011101111001
0000110001010110
0001000010011000
0010011101111001
0000100011001001
0000011101111000
0010011101111001
0000100000100101
0000101000110011
0010011101111001
0000101000101010
0001001100000110
0010011101111001
0000100000100011
0000101011010010
0010011101111001
0000100110000010
0000101011010011
0010011101111001
0000101110010011
0001000011101110
0010011101111001
0000101000110001
0000100110000110
0010011101111001
0000100110001000
0000100000110010
0010011101111001
0000101110100001
0000110100000001
0010011101111001
0000101011100100
0000101011101010
0010011101111001
0000100110000010
0000101011011100
0010011101111001
0000100011010101
0001001100000110
0010011101111001
0000001101000101
0000011010001001
0010011101111001
0000001101000001
0000100011110111
0010011101111001
0000001110100011
0000100111001101
0010011101111001
0000010110101111
0000010000001100
0010011101111001
0000011000001101
0000010100110100
0010011101111001
0000100011010010
0000100111101001
0010011101111001
0000011001110001
0000010110011111
0010011101111001
0000011001010101
0000010110001100
0010011101111001
0000011101101100
0000100010100111
0010011101111001
0000010110010100
0000011000000100
0010011101111001
0000010011010000
0000010110011100
0010011101111001
0000010111111011
0000011110001101
0010011101111001
0000001100101010
0000001011001101
0010011101111001
0000010001001010
0000001100011110
0010011101111001
0000011110110010
0000011000011111
0010011101111001
0000010010111110
0000011000111110
0010011101111001
0000011011011011
0000010101011110
0010011101111001
0000100111010011
0000011100110010
0010011101111001
0000010101010010
0000010111101000
0010011101111001
0000010110111001
0000010100100000
0010011101111001
0000010110110011
0000011011101011
0010011101111001
0000010110100001
0000010110000011
0010011101111001
0000011010111001
0000010110000010
0010011101111001
0000100011000010
0000100010001001
0010011101111001
0000010110010000
0000011000001101
0010011101111001
0000010101110011
0000010111011100
0010011101111001
0000011001101001
0000100011110000
0010011101111001
0000011101101101
0000011111111011
0010011101111001
0000011101001100
0000011111100001
0010011101111001
0000100001110100
0000110000100010
0010011101111001
0000100010111011
0000100100010010
0010011101111001
0000100010101000
0000100100001010
0010011101111001
0000101000101110
0000111000001001
0010011101111001
0000100110010011
0000100111001101
0010011101111001
0000110100100111
0000100111010111
0010011101111001
0000110100110101
0000111101110100
0010011101111001
0000101001101001
0000101010001110
0010011101111001
0000100111000000
0000100100111011
0010011101111001
0000101100000010
0000110010000000
0010011101111001
0000100000010101
0000100000101000
0010011101111001
0000101000010000
0000100110000110
0010011101111001
0000101101101101
0001000100000100
0010011101111001
0000100000101111
0000101011100100
0010011101111001
0000101110010110
0000101011100111
0010011101111001
0001000100001001
0001000100001111
0010011101111001
0000101100000101
0000101011111001
0010011101111001
0000101100000010
0000101001010110
0010011101111001
0000110100001010
0000111100101110
0010011101111001
0000011011011000
0000101001000100
0010011101111001
0000100000111100
0000101110100001
0010011101111001
0000101001001101
0000111100000111
0010011101111001
0000001100010011
0000011000101110
0010011101111001
0000001100001010
0000011000001110
0010011101111001
0000001101110101
0000100110000011
0010011101111001
0000010100010111
0000001111011111
0010011101111001
0000011000110100
0000001111011010
0010011101111001
0000010110111101
0000011101010001
0010011101111001
0000011000000011
0000011000010110
0010011101111001
0000011111010000
0000010100110101
0010011101111001
0000011101110000
0000011100001000
0010011101111001
0000010100000101
0000001111010100
0010011101111001
0000010110110101
0000010101011001
0010011101111001
0000011100111100
0000100110010011
0010011101111001
0000011000000001
0000010111111011
0010011101111001
0000010111110001
0000010100101100
0010011101111001
0000010000000111
0000011011111101
0010011101111001
0000010011011101
0000001110111011
0010011101111001
0000011100010010
0000010100101001
0010011101111001
0000100011011011
0000100100101011
0010011101111001
0000001111101110
0000010011001011
0010011101111001
0000010011101011
0000010101111101
0010011101111001
0000011010100111
0000100010100000
0010011101111001
0000010100111101
0000010100100001
0010011101111001
0000010100100100
0000010100000110
0010011101111001
0000011000110010
0000011111011100
0010011101111001
0000010101011101
0000010110110101
0010011101111001
0000010100111000
0000010110011010
0010011101111001
0000011000010011
0000011100110110
0010011101111001
0000011011110001
0000011110001101
0010011101111001
0000011011100011
0000011110000011
0010011101111001
0000100000011100
0000101110111100
0010011101111001
0000100010010001
0000100011111011
0010011101111001
0000100010001100
0000100011111000
0010011101111001
0000101000100111
0000110111110111
0010011101111001
0000100110011010
0000100111100000
0010011101111001
0000100110000101
0000100111010100
0010011101111001
0000101101000101
0000111101010011
0010011101111001
0000100111000100
0000100100111101
0010011101111001
0000101001110110
0000101010100000
0010011101111001
0000110001110000
0001000010100111
0010011101111001
0000100101101011
0000100000101011
0010011101111001
0000110011001111
0000101110001100
0010011101111001
0000111000111010
0001011100010111
0010011101111001
0000101011011010
0000101011100111
0010011101111001
0000101011001010
0000110011001101
0010011101111001
0000110011010100
0001011011010111
0010011101111001
0000101001000011
0000100000111101
0010011101111001
0000100000110001
0000011011011110
0010011101111001
0000100011100011
0000110100010010
0010011101111001
0000100110010111
0000101001000001
0010011101111001
0000101011110100
0000100110001111
0010011101111001
0000110100001010
0000111100001000
0010011101111001
0000001100011111
0000010101111011
0010011101111001
0000001100011111
0000010110001000
0010011101111001
0000001110001010
0000100010111000
0010011101111001
0000001111100010
0000010111001111
0010011101111001
0000001111101011
0000010101101111
0010011101111001
0000010111011000
0000100010001011
0010011101111001
0000010110101000
0000010101000010
0010011101111001
0000011000001110
0000011000010100
0010011101111001
0000011101000011
0000100110011000
0010011101111001
0000010101010010
0000010010010011
0010011101111001
0000010110101011
0000010101010011
0010011101111001
0000100001011011
0000100110000011
0010011101111001
0000001010010101
0000010001101100
0010011101111001
0000001101011100
0000010011010100
0010011101111001
0000010011101001
0000011100011101
0010011101111001
0000010111010011
0000010111001011
0010011101111001
0000011000101001
0000010110110110
0010011101111001
0000010101101100
0000100011011001
0010011101111001
0000010101110000
0000010100000000
0010011101111001
0000010101011101
0000010010011010
0010011101111001
0000011001100101
0000011101000010
0010011101111001
0000010010100110
0000010100001001
0010011101111001
0000001111101010
0000010011110101
0010011101111001
0000010011001110
0000011110101000
0010011101111001
0000010100010110
0000010101110111
0010011101111001
0000010100000011
0000010101110010
0010011101111001
0000010111100000
0000100001111000
0010011101111001
0000011011010010
0000011110001000
0010011101111001
0000011011100100
0000011110011011
0010011101111001
0000100000111100
0000101111110110
0010011101111001
0000100010011101
0000100011110001
0010011101111001
0000100010010101
0000100011101100
0010011101111001
0000101000100110
0000110111011101
0010011101111001
0000100001100100
0000100111011110
0010011101111001
0000011101000000
0000100111101001
0010011101111001
0000100100001011
0000111101111101
0010011101111001
0000101010000010
0000101010110111
0010011101111001
0000101010001100
0000101010111100
0010011101111001
0000110001111111
0001000011000011
0010011101111001
0000100000101101
0000011011010011
0010011101111001
0000011110000001
0000100011100100
0010011101111001
0000101000111111
0001001100101111
0010011101111001
0000101011100000
0000101011101001
0010011101111001
0000101110001000
0000101011101111
0010011101111001
0000111000110110
0001000100001101
0010011101111001
0000100110011110
0000100110011001
0010011101111001
0000101011111000
0000110001010111
0010011101111001
0000110100000100
0001000100100011
0010011101111001
0000101100001100
0000101100000111
0010011101111001
0000101100001111
0000110100101100
0010011101111001
0000110100011110
0001011110010011
0010011101111001
0000001100110000
0000010111110000
0010011101111001
0000010000000001
0000011001010110
0010011101111001
0000010000000000
0000100111100011
0010011101111001
0000011001000110
0000011001001000
0010011101111001
0000011001100100
0000011001100001
0010011101111001
0000011110100100
0000101000000101
0010011101111001
0000011000101010
0000011000101101
0010011101111001
0000100010000011
0000100000100011
0010011101111001
0000011110110101
0000100110111111
0010011101111001
0000011000101001
0000011000101100
0010011101111001
0000100110010111
0000100010001000
0010011101111001
0000100110011010
0000101011001011
0010011101111001
0000010110101001
0000010100111011
0010011101111001
0000011000001000
0000010111110011
0010011101111001
0000011100111000
0000100101000111
0010011101111001
0000010100010011
0000010110011111
0010011101111001
0000010111001101
0000010110101010
0010011101111001
0000011000101010
0000100011100111
0010011101111001
0000010110000000
0000010101101001
0010011101111001
0000010110011101
0000010101110010
0010011101111001
0000011010101111
0000100001111010
0010011101111001
0000010100100000
0000010011100010
0010011101111001
0000010100100001
0000010011101100
0010011101111001
0000011000010000
0000011110110000
0010011101111001
0000010100000000
0000010110000110
0010011101111001
0000010011110001
0000010101110100
0010011101111001
0000010111000001
0000100001011100
0010011101111001
0000011011110111
0000011110101100
0010011101111001
0000011011100011
0000011110011000
0010011101111001
0000100000001011
0000101111000001
0010011101111001
0000011110001001
0000100011100100
0010011101111001
0000011001101010
0000100011100100
0010011101111001
0000011111101010
0000110111010111
0010011101111001
0000100110101000
0000100111111001
0010011101111001
0000100110101100
0000101000000010
0010011101111001
0000101101110101
0000111110011011
0010011101111001
0000101001111111
0000101010111100
0010011101111001
0000101001110110
0000101010110000
0010011101111001
0000110001100001
0001000010100000
0010011101111001
0000101011101110
0000101011101111
0010011101111001
0000100110001101
0000111011111010
0010011101111001
0000101000111100
0001011100011001
0010011101111001
0000100011010101
0000100110000001
0010011101111001
0000101011101110
0000100000111000
0010011101111001
0000111001100100
0000110100011001
0010011101111001
0000101001001101
0000100110101001
0010011101111001
0000100110101010
0000100001010010
0010011101111001
0000101111000010
0000110100101110
0010011101111001
0000101100010111
0000101100010010
0010011101111001
0000101100101100
0000101100011111
0010011101111001
0000110111111111
0001000101100010
0010011101111001
0000001100110011
0000011001010110
0010011101111001
0000001100111010
0000011110011111
0010011101111001
0000001110100010
0000110110110101
0010011101111001
0000010110001111
0000010010111011
0010011101111001
0000011101110100
0000011010100000
0010011101111001
0000100000111011
0000110100110111
0010011101111001
0000001101111101
0000010100001111
0010011101111001
0000001111100110
0000010010110000
0010011101111001
0000010111011100
0000011101101010
0010011101111001
0000011000111011
0000011001001010
0010011101111001
0000100010011001
0000011001000100
0010011101111001
0000100111010000
0000100110111011
0010011101111001
0000011000100101
0000010100101110
0010011101111001
0000011000010100
0000010101111100
0010011101111001
0000011100110101
0000100100100001
0010011101111001
0000001101000111
0000001110010111
0010011101111001
0000001111111000
0000001110011011
0010011101111001
0000011000011111
0000011011011110
0010011101111001
0000010110001010
0000010101001100
0010011101111001
0000010110001100
0000010101001101
0010011101111001
0000011010100011
0000100001010000
0010011101111001
0000010011111100
0000010011000101
0010011101111001
0000010011110011
0000010010111111
0010011101111001
0000010111100100
0000011101101101
0010011101111001
0000010011010110
0000010101001101
0010011101111001
0000010001001101
0000010101100010
0010011101111001
0000010010011000
0000100001101000
0010011101111001
0000011010111100
0000011110001000
0010011101111001
0000011010111111
0000011101111100
0010011101111001
0000011111110100
0000101110010111
0010011101111001
0000100001111111
0000100011110001
0010011101111001
0000100010001011
0000100011111000
0010011101111001
0000101000011110
0000111000000001
0010011101111001
0000100110100011
0000100111101100
0010011101111001
0000100110011101
0000100111011000
0010011101111001
0000101101011110
0000111101001000
0010011101111001
0000101001101011
0000101010100010
0010011101111001
0000101001101101
0000101010101011
0010011101111001
0000110001100010
0000111000000011
0010011101111001
0000100000111001
0000101011110101
0010011101111001
0000100000111011
0000111100010011
0010011101111001
0000101001000010
0001001100111110
0010011101111001
0000100110010011
0000101011110011
0010011101111001
0000100000111010
0000110110100010
0010011101111001
0000100011110101
0000111100010011
0010011101111001
0000101001110001
0000100111000100
0010011101111001
0000100100001101
0000011100000000
0010011101111001
0000101001101001
0000100100010010
0010011101111001
0000100001101001
0000101100100101
0010011101111001
0000101111101101
0000101001111010
0010011101111001
0000110101001111
0000111101100000
0010011101111001
0000001100101111
0000011001011111
0010011101111001
0000001100101111
0000011001011011
0010011101111001
0000001110100101
0000101000001101
0010011101111001
0000011000000010
0000010110011000
0010011101111001
0000010101001000
0000010000001100
0010011101111001
0000011000011010
0000010100111010
0010011101111001
0000010101111100
0000011000110111
0010011101111001
0000010010110000
0000100010001110
0010011101111001
0000010111011111
0000110000010010
0010011101111001
0000011001001100
0000011001001001
0010011101111001
0000011101111101
0000011001000001
0010011101111001
0000011110001100
0000100111000011
0010011101111001
0000010011110100
0000001110101101
0010011101111001
0000010000100110
0000001101010001
0010011101111001
0000010011011110
0000010111100101
0010011101111001
0000010111010000
0000010111010011
0010011101111001
0000010111010111
0000010111001011
0010011101111001
0000011011110000
0000100100000111
0010011101111001
0000010011100101
0000010101100011
0010011101111001
0000010000111100
0000010101111011
0010011101111001
0000010100111101
0000100010011110
0010011101111001
0000010010100111
0000010000111000
0010011101111001
0000010000000001
0000010100100101
0010011101111001
0000010010100010
0000011110001111
0010011101111001
0000010001000100
0000010101010010
0010011101111001
0000010011011110
0000010101010000
0010011101111001
0000010100100011
0000100000111011
0010011101111001
0000011010111001
0000011101110010
0010011101111001
0000011011001000
0000011110001110
0010011101111001
0000100000000011
0000101111010100
0010011101111001
0000100010001011
0000100011111101
0010011101111001
0000100010001100
0000100011110101
0010011101111001
0000101000011000
0000110111110001
0010011101111001
0000100110010111
0000100111100010
0010011101111001
0000100110011100
0000100111101000
0010011101111001
0000101101101011
0000111101110010
0010011101111001
0000101001110011
0000100111111011
0010011101111001
0000101001101100
0000100101000100
0010011101111001
0000110001011001
0000111010000000
0010011101111001
0000100110000100
0000101011110010
0010011101111001
0000100000101010
0000101011110010
0010011101111001
0000101000111111
0001001100111001
0010011101111001
0000011000111010
0000011011110010
0010011101111001
0000011110011011
0000101100011011
0010011101111001
0000100011111101
0001010101111111
0010011101111001
0000101001100110
0000100001011010
0010011101111001
0000101100100000
0000100111001100
0010011101111001
0000110100111110
0000111101101110
0010011101111001
0000101100100100
0000100100000101
0010011101111001
0000101100101100
0000100110111010
0010011101111001
0000110101010100
0000111101010110
0010011101111001
0000001101010110
0000011010011111
0010011101111001
0000010000101011
0000011010011101
0010011101111001
0000010000100000
0000101001001001
0010011101111001
0000010101001011
0000010000011001
0010011101111001
0000010101011101
0000010111011010
0010011101111001
0000011000110001
0000101010000011
0010011101111001
0000010110011010
0000010011011101
0010011101111001
0000011000011010
0000011011100111
0010011101111001
0000011111000001
0000101000100001
0010011101111001
0000011001110111
0000011001000101
0010011101111001
0000011001111011
0000011000111111
0010011101111001
0000011110101011
0000100110111100
0010011101111001
0000010001111000
0000010101111101
0010011101111001
0000010001110010
0000010111010000
0010011101111001
0000010110010001
0000100100010010
0010011101111001
0000010111010000
0000010110110100
0010011101111001
0000010111001000
0000010110101100
0010011101111001
0000011011001101
0000100111101101
0010011101111001
0000010100010101
0000010010110010
0010011101111001
0000010010101100
0000001111101101
0010011101111001
0000010110110000
0000011000110000
0010011101111001
0000010010111110
0000010001001000
0010011101111001
0000010001111110
0000010011101101
0010011101111001
0000010010111111
0000011110101000
0010011101111001
0000001110010111
0000010100110101
0010011101111001
0000010000101010
0000010100101001
0010011101111001
0000010110011010
0000011111111011
0010011101111001
0000011010111010
0000011110001000
0010011101111001
0000011010111011
0000011110000111
0010011101111001
0000011111100010
0000101110100111
0010011101111001
0000100010000101
0000100011110110
0010011101111001
0000100010011110
0000100001110000
0010011101111001
0000101001000011
0000110001100011
0010011101111001
0000100110101101
0000100111110110
0010011101111001
0000100110110000
0000100111111100
0010011101111001
0000101101111011
0000110100011000
0010011101111001
0000101001110010
0000101010011001
0010011101111001
0000101001110101
0000101010011010
0010011101111001
0000110001011110
0001000010000111
0010011101111001
0000101011100010
0000101011111010
0010011101111001
0000101011000111
0000110001001111
0010011101111001
0000101101101100
0000111011111000
0010011101111001
0000010110001000
0000011110011111
0010011101111001
0000101001010101
0000100001001100
0010011101111001
0001001101001000
0000110100100010
0010011101111001
0000100100011011
0000100100011101
0010011101111001
0000101101000100
0000100001101111
0010011101111001
0000111101111100
0000110101100001
0010011101111001
0000101101000101
0000100100101001
0010011101111001
0000101101000101
0000101010011001
0010011101111001
0000110101101101
0001000110101110
0010011101111001
0000001101000110
0000011010000010
0010011101111001
0000001101001100
0000011010010001
0010011101111001
0000001110110111
0000101001001100
0010011101111001
0000010110111011
0000011010111101
0010011101111001
0000010110111010
0000011010011111
0010011101111001
0000011001111111
0000101000101111
0010011101111001
0000011001111101
0000011001010101
0010011101111001
0000011001011110
0000100010110000
0010011101111001
0000011101101110
0000101011100101
0010011101111001
0000011001101100
0000011000110101
0010011101111001
0000010111110110
0000010101101100
0010011101111001
0000011010100110
0000011101010011
0010011101111001
0000010111101100
0000010111010101
0010011101111001
0000010111010110
0000100000000001
0010011101111001
0000011011011100
0000101000001010
0010011101111001
0000010011100001
0000010000101011
0010011101111001
0000010011001111
0000010100110000
0010011101111001
0000010111010101
0000011011010001
0010011101111001
0000010101011101
0000010100110011
0010011101111001
0000010101100100
0000010100111100
0010011101111001
0000011001101111
0000100000110101
0010011101111001
0000010000110010
0000010010100111
0010011101111001
0000010011011011
0000010010101110
0010011101111001
0000010111001101
0000011101100000
0010011101111001
0000010001110010
0000010010000000
0010011101111001
0000010000010011
0000001111001110
0010011101111001
0000010011010001
0000010111011111
0010011101111001
0000011010001111
0000011101010110
0010011101111001
0000011010010010
0000011101011001
0010011101111001
0000011110111001
0000101101100110
0010011101111001
0000100010010011
0000100001100101
0010011101111001
0000100001111101
0000100011101010
0010011101111001
0000101000000010
0000110111100011
0010011101111001
0000100110101000
0000100111100111
0010011101111001
0000100110100000
0000100111100101
0010011101111001
0000101101011100
0000110011111010
0010011101111001
0000101001100100
0000101010100010
0010011101111001
0000101001100011
0000101010011011
0010011101111001
0000110001100010
0001000010001001
0010011101111001
0000100000110000
0000100110100100
0010011101111001
0000100110001100
0000100110100011
0010011101111001
0000110011101010
0000111100010100
0010011101111001
0000101001100001
0000100110111110
0010011101111001
0000110001100111
0000101001011110
0010011101111001
0000110100001011
0000111100100001
0010011101111001
0000100100100100
0000100001111001
0010011101111001
0000011100000101
0000011110111111
0010011101111001
0000100100100011
0000111101111101
0010011101111001
0000101101011001
0000101101011000
0010011101111001
0000101101001011
0000101101010011
0010011101111001
0000111110001000
0001000110101001
0010011101111001
0000001101000100
0000011001111111
0010011101111001
0000001100111110
0000100011100000
0010011101111001
0000001110100010
0000101100111010
0010011101111001
0000010110001111
0000010100101011
0010011101111001
0000100001001111
0000010100011111
0010011101111001
0000011101111100
0000100010010100
0010011101111001
0000010101100110
0000011000100001
0010011101111001
0000010010011001
0000011000010000
0010011101111001
0000011011001111
0000100101101010
0010011101111001
0000010000110010
0000001110111101
0010011101111001
0000010000011001
0000011001001001
0010011101111001
0000010101110101
0000110010000001
0010011101111001
0000010011111110
0000010101001001
0010011101111001
0000011001010011
0000010011010110
0010011101111001
0000011001000111
0000011110001101
0010011101111001
0000010100011011
0000010010110001
0010011101111001
0000010101100100
0000010101011001
0010011101111001
0000011001011101
0000100000000011
0010011101111001
0000010101011001
0000010100100110
0010011101111001
0000010100101110
0000010100000001
0010011101111001
0000011000000000
0000011110100101
0010011101111001
0000010001110011
0000001111101111
0010011101111001
0000001111111000
0000001100100110
0010011101111001
0000010000011101
0000010011001000
0010011101111001
0000010001110001
0000010011110010
0010011101111001
0000010000101111
0000010010111111
0010011101111001
0000010000111101
0000011100010011
0010011101111001
0000011001101111
0000011100110001
0010011101111001
0000011001010110
0000011100111000
0010011101111001
0000011101011100
0000101100111110
0010011101111001
0000100001101110
0000100011100110
0010011101111001
0000100001101101
0000100011011001
0010011101111001
0000100111111100
0000110111000000
0010011101111001
0000100110010011
0000100111110011
0010011101111001
0000100110011011
0000101000000000
0010011101111001
0000101101011100
0000111110010110
0010011101111001
0000101001111111
0000101010100101
0010011101111001
0000101001101100
0000101010011100
0010011101111001
0000110001001100
0001000010000001
0010011101111001
0000101011101011
0000101011111000
0010011101111001
0000101011101000
0000101011110101
0010011101111001
0000110011011111
0001000100001101
0010011101111001
0000101011111101
0000100110110001
0010011101111001
0000101100010010
0000100110111110
0010011101111001
0000110100110100
0000111101011011
0010011101111001
0000101100111100
0000101010001111
0010011101111001
0000101100110000
0000110010011010
0010011101111001
0000110100111110
0000111010100011
0010011101111001
0000100100111100
0000010110101100
0010011101111001
0000111000110000
0000011001100010
0010011101111001
0000111110010111
0000110101110101
0010011101111001
0000001100101011
0000011001001000
0010011101111001
0000001100100001
0000011000101110
0010011101111001
0000001101111110
0000101010110011
0010011101111001
0000010011110101
0000010100110111
0010011101111001
0000010101000001
0000010001100001
0010011101111001
0000011001010110
0000011011100111
0010011101111001
0000010110010000
0000010100101111
0010011101111001
0000011000111011
0000010001100011
0010011101111001
0000011100110011
0000011011011111
0010011101111001
0000010110100101
0000010110000111
0010011101111001
0000010011101101
0000010101111111
0010011101111001
0000010101000011
0000100010011000
0010011101111001
0000010101101101
0000010101010111
0010011101111001
0000010101010100
0000010101000000
0010011101111001
0000011001010011
0000011011100000
0010011101111001
0000010101001100
0000010011111110
0010011101111001
0000010100111110
0000010111110011
0010011101111001
0000011000111110
0000100000111000
0010011101111001
0000010100000101
0000010011001010
0010011101111001
0000010011111100
0000010001101110
0010011101111001
0000010111100101
0000011001110001
0010011101111001
0000001100110100
0000010000001110
0010011101111001
0000001111000101
0000010000100110
0010011101111001
0000010100011011
0000011010000001
0010011101111001
0000001100001011
0000010001110001
0010011101111001
0000001110100110
0000010001111011
0010011101111001
0000010011101011
0000011011111010
0010011101111001
0000011000010101
0000011100010100
0010011101111001
0000010111111100
0000011011111000
0010011101111001
0000011100001001
0000101011000100
0010011101111001
0000100001100111
0000100011011000
0010011101111001
0000100001100011
0000100011011001
0010011101111001
0000100111101110
0000110111000111
0010011101111001
0000100110000110
0000100111010100
0010011101111001
0000100110000100
0000100111001101
0010011101111001
0000101101001011
0000111101001000
0010011101111001
0000100100010011
0000101010000101
0010011101111001
0000011111001110
0000101010001101
0010011101111001
0000100110111110
0001000010000000
0010011101111001
0000101011010001
0000100110000111
0010011101111001
0000111011101000
0000101001000011
0010011101111001
0000111011101100
0001000100011111
0010011101111001
0000101100100010
0000101100101101
0010011101111001
0000101100011100
0000101100110001
0010011101111001
0000101111001111
0001000110000011
0010011101111001
0000101100101101
0000101101000100
0010011101111001
0000110101000101
0000101101000111
0010011101111001
0001000101111001
0001000110011011
0010011101111001
0000100111100111
0000011001011111
0010011101111001
0000101010011010
0000011111000110
0010011101111001
0000110101101110
0000111110001011
0010011101111001
0000001100000101
0000010101000000
0010011101111001
0000001011110001
0000011010100101
0010011101111001
0000001101001000
0000100100011111
0010011101111001
0000010111101101
0000010111011100
0010011101111001
0000010111011011
0000010111010110
0010011101111001
0000011100001111
0000011110110000
0010011101111001
0000010110111111
0000010110110011
0010011101111001
0000011011000101
0000010100111011
0010011101111001
0000011010111110
0000011110010100
0010011101111001
0000010011001110
0000010101111001
0010011101111001
0000010101110111
0000010101111010
0010011101111001
0000011010000100
0000100010001111
0010011101111001
0000010101010101
0000010100111101
0010011101111001
0000010101011011
0000010100111010
0010011101111001
0000011001100001
0000100000101100
0010011101111001
0000010101000010
0000010100100110
0010011101111001
0000010100100000
0000011011111000
0010011101111001
0000010111111100
0000100010110010
0010011101111001
0000010011100101
0000010001001101
0010011101111001
0000010011010100
0000010010000111
0010011101111001
0000010110101010
0000011011111111
0010011101111001
0000010000111001
0000001111010010
0010011101111001
0000001111100100
0000001110000011
0010011101111001
0000010001011110
0000010101111010
0010011101111001
0000010000110010
0000010010101101
0010011101111001
0000010000101000
0000010010011011
0010011101111001
0000010001011101
0000011100001100
0010011101111001
0000011000000000
0000011011100010
0010011101111001
0000010111110000
0000011011011101
0010011101111001
0000011011111011
0000101010100001
0010011101111001
0000100001011100
0000100010111110
0010011101111001
0000100001000100
0000100010100110
0010011101111001
0000100110111010
0000110101101100
0010011101111001
0000100101111100
0000100110110101
0010011101111001
0000100101111101
0000100111000010
0010011101111001
0000101101000011
0000111101001110
0010011101111001
0000101001011010
0000101010000010
0010011101111001
0000101001011100
0000101010010001
0010011101111001
0000110001001101
0001000010010000
0010011101111001
0000101011001111
0000101011110011
0010011101111001
0000101011010010
0000101011110011
0010011101111001
0000110011011010
0001000100011001
0010011101111001
0000100001001111
0000101100011001
0010011101111001
0000101100010010
0000110100100000
0010011101111001
0000110001101111
0001011101110111
0010011101111001
0000101100101100
0000101100111000
0010011101111001
0000110100100101
0000101100100100
0010011101111001
0001000101000001
0001001101111000
0010011101111001
0000101101000101
0000101100111100
0010011101111001
0000101100111010
0000110010011011
0010011101111001
0000110101010101
0001010110110100
0010011101111001
0000001000110101
0000010001101100
0010011101111001
0000001010000101
0000010100001110
0010011101111001
0000001100110000
0000100111101100
0010011101111001
0000011001001110
0000011000101101
0010011101111001
0000010111011001
0000010101100000
0010011101111001
0000011001010100
0000011101110000
0010011101111001
0000010110101000
0000010100111011
0010011101111001
0000010110001111
0000010101110111
0010011101111001
0000011010001001
0000100001110000
0010011101111001
0000010011001110
0000010000010110
0010011101111001
0000010100000010
0000010010100010
0010011101111001
0000011000110010
0000100000101100
0010011101111001
0000010011000001
0000010101001111
0010011101111001
0000001111111100
0000010101000000
0010011101111001
0000010011111011
0000100000101101
0010011101111001
0000010011110111
0000010011101110
0010011101111001
0000011011000111
0000010011100111
0010011101111001
0000011011010001
0000011110101101
0010011101111001
0000010000100100
0000001101011000
0010011101111001
0000010001100001
0000001111110010
0010011101111001
0000010011101111
0000011100010000
0010011101111001
0000001111100000
0000001101111111
0010011101111001
0000010000011000
0000001111101010
0010011101111001
0000010011010101
0000010100010011
0010011101111001
0000001100010101
0000010010000111
0010011101111001
0000001101111011
0000010001111100
0010011101111001
0000010000101011
0000011011101110
0010011101111001
0000011000000110
0000011011011001
0010011101111001
0000011000110010
0000011100001111
0010011101111001
0000011101011111
0000101100100000
0010011101111001
0000100001001000
0000100010111100
0010011101111001
0000100001001111
0000100011000010
0010011101111001
0000100111001001
0000110110011011
0010011101111001
0000100110001110
0000100111100110
0010011101111001
0000100110000000
0000100111011000
0010011101111001
0000101100111001
0000111101001101
0010011101111001
0000101001011101
0000100101000001
0010011101111001
0000101001010010
0000100111100100
0010011101111001
0000110000111101
0001000001111010
0010011101111001
0000100101111000
0000101011100110
0010011101111001
0000100000011011
0000101011100010
0010011101111001
0000101000011111
0001000100000001
0010011101111001
0000100001000110
0000101100010100
0010011101111001
0000100110100001
0000101100010100
0010011101111001
0000110100001011
0001000101001010
0010011101111001
0000100100001110
0000100111010001
0010011101111001
0000011011111000
0000101001111100
0010011101111001
0000100100000111
0000110100110111
0010011101111001
0000100111011100
0000100100100100
0010011101111001
0000011100001101
0000101010001111
0010011101111001
0000011110110010
0001000110001100
0010011101111001
0000001011000101
0000010110000011
0010011101111001
0000001010111101
0000100010010001
0010011101111001
0000001100010001
0000101010010000
0010011101111001
0000010101000111
0000010100001010
0010011101111001
0000010011010000
0000010110011000
0010011101111001
0000010100001010
0000011101110111
0010011101111001
0000010101101010
0000010011110010
0010011101111001
0000010101001011
0000010001111111
0010011101111001
0000011000101010
0000011011111000
0010011101111001
0000010100010110
0000010100011111
0010011101111001
0000010100001010
0000010100001110
0010011101111001
0000010111110000
0000011111010000
0010011101111001
0000010101100111
0000010010010110
0010011101111001
0000010101010101
0000010011100010
0010011101111001
0000011000101101
0000100100010011
0010011101111001
0000010001010110
0000001101010100
0010011101111001
0000010010001111
0000001101000000
0010011101111001
0000010100100101
0000010110011101
0010011101111001
0000001100110000
0000010000000101
0010011101111001
0000001101100010
0000001101100001
0010011101111001
0000010011001111
0000010101000011
0010011101111001
0000010000011100
0000001111100110
0010011101111001
0000010000011000
0000001111100111
0010011101111001
0000010011001111
0000011000010111
0010011101111001
0000001011111111
0000010001111000
0010011101111001
0000001101110111
0000010001100001
0010011101111001
0000010010100010
0000011010101110
0010011101111001
0000011000100100
0000011011111111
0010011101111001
0000011000000111
0000011011101010
0010011101111001
0000011011111101
0000101010110111
0010011101111001
0000100001001011
0000100011011000
0010011101111001
0000100001001100
0000100011011000
0010011101111001
0000100111001011
0000110110110111
0010011101111001
0000100101111010
0000100111001101
0010011101111001
0000100101111110
0000100111001101
0010011101111001
0000101101000110
0000111101001111
0010011101111001
0000101001100001
0000101010010101
0010011101111001
0000101001100111
0000101010011000
0010011101111001
0000110001010001
0001000010001100
0010011101111001
0000101011010010
0000101000111101
0010011101111001
0000100101111111
0000100110010011
0010011101111001
0000101000101110
0000111100001100
0010011101111001
0000101011110011
0000101100000011
0010011101111001
0000101011110011
0000101001010100
0010011101111001
0000110100000100
0001000010001100
0010011101111001
0000100110110000
0000100001000111
0010011101111001
0000101001011100
0000100110101000
0010011101111001
0000110100011111
0001000101001001
0010011101111001
0000100111001100
0000100111011110
0010011101111001
0000101101001000
0000101010010101
0010011101111001
0000110101101101
0001000110010011
0010011101111001
0000001010111011
0000010101011100
0010011101111001
0000001100000101
0000010101000100
0010011101111001
0000010001010000
0000100000100100
0010011101111001
0000010010001010
0000010011010100
0010011101111001
0000010010000010
0000011100000110
0010011101111001
0000010011001001
0000100111100100
0010011101111001
0000010011000101
0000010001101110
0010011101111001
0000010001110101
0000001111000111
0010011101111001
0000010101101010
0000010111110101
0010011101111001
0000010001001110
0000001110100101
0010011101111001
0000010000000101
0000010001000001
0010011101111001
0000010010100000
0000011110100001
0010011101111001
0000010001110001
0000001111001010
0010011101111001
0000010010011001
0000010100111000
0010011101111001
0000010110110011
0000011101101100
0010011101111001
0000001100001101
0000010010001101
0010011101111001
0000001011111111
0000010011010000
0010011101111001
0000010001110000
0000011101110000
0010011101111001
0000010010001110
0000010000011000
0010011101111001
0000010010001010
0000001111010001
0010011101111001
0000011000111001
0000010111111100
0010011101111001
0000010000010111
0000001111101011
0010011101111001
0000010000101110
0000010001110100
0010011101111001
0000010011101011
0000011110110011
0010011101111001
0000001111111011
0000010001000111
0010011101111001
0000010000001001
0000010001011011
0010011101111001
0000010001000010
0000011011000101
0010011101111001
0000010111011001
0000011011100101
0010011101111001
0000010111100011
0000011011100001
0010011101111001
0000011011110010
0000101010100110
0010011101111001
0000100000111101
0000100010110011
0010011101111001
0000100000110110
0000100010101010
0010011101111001
0000100111000010
0000110110000101
0010011101111001
0000100110001101
0000100111011001
0010011101111001
0000100101111100
0000100111000111
0010011101111001
0000101100101101
0000110011000000
0010011101111001
0000101001010111
0000101010000111
0010011101111001
0000100100001011
0000101001111010
0010011101111001
0000100110101101
0001000001011000
0010011101111001
0000100101111011
0000101011101110
0010011101111001
0000100101110010
0000101000111011
0010011101111001
0000101010111101
0000111011101111
0010011101111001
0000100110100000
0000101001011101
0010011101111001
0000011110010001
0000101001011110
0010011101111001
0000100011101100
0000101100001110
0010011101111001
0000101100010111
0000101100101000
0010011101111001
0000101100011010
0000101100100110
0010011101111001
0000110100100100
0001000101011011
0010011101111001
0000101100110000
0000101100100011
0010011101111001
0000110100100110
0000101100010111
0010011101111001
0001000100110110
0001000100111100
0010011101111001
0000000111110100
0000001100111000
0010011101111001
0000001010000100
0000010000001100
0010011101111001
0000001011001001
0000011110110111
0010011101111001
0000001111000011
0000001110101101
0010011101111001
0000010010101000
0000010100111010
0010011101111001
0000010111011101
0000011110101011
0010011101111001
0000010011101000
0000010011011000
0010011101111001
0000010110100001
0000010011000110
0010011101111001
0000011101011100
0000011101110101
0010011101111001
0000010001000010
0000010011010001
0010011101111001
0000010001001011
0000010011010010
0010011101111001
0000010000001000
0000100010010001
0010011101111001
0000010000100000
0000001101111010
0010011101111001
0000001111010111
0000001111010001
0010011101111001
0000010001111011
0000011001111110
0010011101111001
0000010010011101
0000010000000010
0010011101111001
0000010010001111
0000010001000110
0010011101111001
0000010011010010
0000011111101010
0010011101111001
0000001111011001
0000010000111011
0010011101111001
0000001110010000
0000010000110011
0010011101111001
0000001001101111
0000011010010011
0010011101111001
0000010000000000
0000001110010100
0010011101111001
0000001111111010
0000001111000010
0010011101111001
0000010010011000
0000010111001110
0010011101111001
0000001011111100
0000010001011100
0010011101111001
0000001110000011
0000010001100011
0010011101111001
0000010010100101
0000010110101110
0010011101111001
0000010111001011
0000011011000101
0010011101111001
0000010110101100
0000011010100111
0010011101111001
0000011010100100
0000101001000010
0010011101111001
0000100001010100
0000100011001010
0010011101111001
0000100001001111
0000100011011001
0010011101111001
0000100111010101
0000110111011000
0010011101111001
0000100101101101
0000100111000001
0010011101111001
0000100000111011
0000100110110011
0010011101111001
0000100011001111
0000111100010100
0010011101111001
0000100100000101
0000101010001000
0010011101111001
0000101001001001
0000101001111110
0010011101111001
0000110000101000
0001000001001101
0010011101111001
0000100101010101
0000100101101100
0010011101111001
0000101101001101
0000100101100011
0010011101111001
0000110010011011
0000111010110010
0010011101111001
0000100110001101
0000011110001010
0010011101111001
0000101011011101
0000100000110000
0010011101111001
0000111000111001
0000110011101001
0010011101111001
0000100011100110
0000011011011110
0010011101111001
0000100011001111
0000011011001010
0010011101111001
0000101101101101
0000110011010010
0010011101111001
0000100110001111
0000100110010001
0010011101111001
0000110001001100
0000111100001110
0010011101111001
0000110001010011
0001101101101001
0010011101111001
0000001001111101
0000010001011001
0010011101111001
0000001010000000
0000010010101110
0010011101111001
0000001011011000
0000011111010001
0010011101111001
0000010100000000
0000010100000000
0010011101111001
0000010011111101
0000010011110100
0010011101111001
0000010111011000
0000100001111010
0010011101111001
0000010011100011
0000010011101110
0010011101111001
0000010111001000
0000011010111101
0010011101111001
0000011110010110
0000100001101011
0010011101111001
0000001100011100
0000010011110101
0010011101111001
0000010001011001
0000010111101100
0010011101111001
0000010111101001
0000011111001011
0010011101111001
0000010001010101
0000010001111010
0010011101111001
0000010011110010
0000010010111110
0010011101111001
0000010111001011
0000011101011001
0010011101111001
0000001101100110
0000010001110111
0010011101111001
0000001110111011
0000010010001000
0010011101111001
0000010011100010
0000010010011100
0010011101111001
0000001010110010
0000010000011100
0010011101111001
0000001111000100
0000010000011000
0010011101111001
0000010100011011
0000011001101110
0010011101111001
0000001110111001
0000001110010101
0010011101111001
0000001110111101
0000001110010011
0010011101111001
0000010001011111
0000010110001110
0010011101111001
0000001110110101
0000010000101100
0010011101111001
0000001110100011
0000010000010101
0010011101111001
0000010001001010
0000011001010100
0010011101111001
0000010111000000
0000011010111101
0010011101111001
0000010111010100
0000011011001001
0010011101111001
0000011011110000
0000101010010101
0010011101111001
0000100001010111
0000100011100101
0010011101111001
0000100001000010
0000100011010011
0010011101111001
0000100110110100
0000110110110000
0010011101111001
0000100001011000
0000100111001000
0010011101111001
0000100110000101
0000100111001000
0010011101111001
0000101100110101
0000111100110000
0010011101111001
0000101000110001
0000101001110000
0010011101111001
0000101000101111
0000101001110001
0010011101111001
0000110000010010
0001000001000001
0010011101111001
0000101010101100
0000101011000011
0010011101111001
0000101010111110
0000111011010110
0010011101111001
0000110011000001
0001001011111000
0010011101111001
0000101011001100
0000101011000011
0010011101111001
0001000011001111
0000101010111011
0010011101111001
0001011011001111
0001000011000011
0010011101111001
0000101010101101
0000101000010111
0010011101111001
0000101010101000
0000100101101101
0010011101111001
0000110010100111
0000111011001111
0010011101111001
0000101000111110
0000100110010101
0010011101111001
0000100110001011
0000100000110111
0010011101111001
0000101110100011
0000110100001010
