0010011101111001
0000011001010110
0000011001110000
0010011101111001
0000011001100001
0000011001110100
0010011101111001
0000011110100100
0000101000100101
0010011101111001
0000011010000010
0000011010001001
0010011101111001
0000011001111010
0000011001110101
0010011101111001
0000011110101101
0000101000000111
0010011101111001
0000011010101111
0000011010111101
0010011101111001
0000011010110110
0000011010110011
0010011101111001
0000011111100011
0000101001011011
0010011101111001
0000011010010001
0000011010011101
0010011101111001
0000011010001001
0000011010001100
0010011101111001
0000011110101011
0000101000011100
0010011101111001
0000011010000001
0000011001101010
0010011101111001
0000011001101000
0000011001011110
0010011101111001
0000011110001000
0000100111100110
0010011101111001
0000011001100100
0000011001011001
0010011101111001
0000011001100100
0000011001001101
0010011101111001
0000011110100000
0000100111001100
0010011101111001
0000011000001100
0000010111110010
0010011101111001
0000011000000011
0000010111101111
0010011101111001
0000011100100100
0000100101001001
0010011101111001
0000010110100010
0000010110011111
0010011101111001
0000010110011000
0000010110001100
0010011101111001
0000011010100011
0000100010010110
0010011101111001
0000010111010000
0000011000111010
0010011101111001
0000010111001110
0000011000110011
0010011101111001
0000011011000010
0000100110010011
0010011101111001
0000011101100011
0000011111101110
0010011101111001
0000011101100000
0000011111101101
0010011101111001
0000100010111011
0000110001010110
0010011101111001
0000100011010001
0000100100101010
0010011101111001
0000100011001010
0000100100101100
0010011101111001
0000101001100101
0000111001000111
0010011101111001
0000100110101110
0000100111100000
0010011101111001
0000100110110001
0000100111100100
0010011101111001
0000101101110101
0000111101110010
0010011101111001
0000101001101011
0000101010101001
0010011101111001
0000101001100011
0000101010100110
0010011101111001
0000110001010110
0001000010011000
0010011101111001
0000101011010000
0000101011011100
0010011101111001
0000101011011001
0000101011100010
0010011101111001
0000110011011110
0001000011111111
0010011101111001
0000101011011011
0000101011010010
0010011101111001
0000101011011110
0000101011010011
0010011101111001
0000110011110001
0001000011101110
0010011101111001
0000101011011111
0000101011100010
0010011101111001
0000101011100100
0000101011101010
0010011101111001
0000110011111101
0001000100010101
0010011101111001
0000101011100100
0000101011101010
0010011101111001
0000101011011110
0000101011011100
0010011101111001
0000110011100111
0001000011111000
0010011101111001
0000011001110101
0000011010001001
0010011101111001
0000011001100111
0000011010001011
0010011101111001
0000011110001001
0000101000111011
0010011101111001
0000011001111101
0000011001110110
0010011101111001
0000011001110100
0000011001101001
0010011101111001
0000011110011101
0000100111101001
0010011101111001
0000011001110001
0000011001101010
0010011101111001
0000011001010101
0000011001010110
0010011101111001
0000011101101100
0000100111010110
0010011101111001
0000011001011110
0000011001101010
0010011101111001
0000011001100101
0000011001101000
0010011101111001
0000011110010001
0000100111110001
0010011101111001
0000011001001100
0000011001010110
0010011101111001
0000011001000000
0000011001000100
0010011101111001
0000011101011000
0000100110101100
0010011101111001
0000011001011110
0000011000111110
0010011101111001
0000011000011100
0000011000011110
0010011101111001
0000011100011101
0000100101110010
0010011101111001
0000011000010000
0000010111101000
0010011101111001
0000011000010111
0000010111011100
0010011101111001
0000011100101001
0000100100011111
0010011101111001
0000010110100001
0000010110000011
0010011101111001
0000010110100101
0000010110000010
0010011101111001
0000011010011010
0000100010001001
0010011101111001
0000010110010000
0000011000001101
0010011101111001
0000010101110011
0000010111011100
0010011101111001
0000011001101001
0000100011110000
0010011101111001
0000011101101101
0000011111111011
0010011101111001
0000011101001100
0000011111100001
0010011101111001
0000100001110100
0000110000100010
0010011101111001
0000100010111011
0000100100010010
0010011101111001
0000100010101000
0000100100001010
0010011101111001
0000101000101110
0000111000001001
0010011101111001
0000100110010011
0000100111001101
0010011101111001
0000100110011001
0000100111010111
0010011101111001
0000101101101110
0000111101110100
0010011101111001
0000101001101001
0000101010001110
0010011101111001
0000101001101000
0000101010001011
0010011101111001
0000110001010010
0001000001110000
0010011101111001
0000101011000001
0000101011010100
0010011101111001
0000101010111101
0000101011011100
0010011101111001
0000110011000100
0001000100000100
0010011101111001
0000101011101011
0000101011100100
0010011101111001
0000101011101000
0000101011100111
0010011101111001
0000110011110001
0001000100001111
0010011101111001
0000101100000101
0000101011111001
0010011101111001
0000101100000010
0000101100000111
0010011101111001
0000110100001010
0001000101000001
0010011101111001
0000101011101000
0000101011110010
0010011101111001
0000101011111000
0000101011101111
0010011101111001
0000110100010001
0001000100010001
0010011101111001
0000011000010111
0000011000101110
0010011101111001
0000011000001110
0000011000001110
0010011101111001
0000011101000111
0000100110000011
0010011101111001
0000011001000010
0000011000110101
0010011101111001
0000011000101001
0000011000101110
0010011101111001
0000011101001001
0000100110100011
0010011101111001
0000011000000011
0000011000010110
0010011101111001
0000010111101110
0000010111111001
0010011101111001
0000011100010010
0000100101010100
0010011101111001
0000011000101011
0000011000100000
0010011101111001
0000011000010101
0000011000011001
0010011101111001
0000011100111100
0000100110010011
0010011101111001
0000011000000001
0000010111111011
0010011101111001
0000010111100111
0000010111101000
0010011101111001
0000011011110101
0000100100110001
0010011101111001
0000010111111011
0000010111110111
0010011101111001
0000010111110001
0000010111100111
0010011101111001
0000011100000000
0000100100101011
0010011101111001
0000010111000000
0000010110000111
0010011101111001
0000010110100101
0000010101111101
0010011101111001
0000011010100111
0000100010100000
0010011101111001
0000010100111101
0000010100100001
0010011101111001
0000010100100100
0000010100000110
0010011101111001
0000011000110010
0000011111011100
0010011101111001
0000010101011101
0000010110110101
0010011101111001
0000010100111000
0000010110011010
0010011101111001
0000011000010011
0000100010010110
0010011101111001
0000011011110001
0000011110001101
0010011101111001
0000011011100011
0000011110000011
0010011101111001
0000100000011100
0000101110111100
0010011101111001
0000100010010001
0000100011111011
0010011101111001
0000100010001100
0000100011111000
0010011101111001
0000101000100111
0000110111110111
0010011101111001
0000100110011010
0000100111100000
0010011101111001
0000100110000101
0000100111010100
0010011101111001
0000101101000101
0000111101010011
0010011101111001
0000101001101100
0000101010001101
0010011101111001
0000101001110110
0000101010100000
0010011101111001
0000110001110000
0001000010100111
0010011101111001
0000101011000101
0000101011011111
0010011101111001
0000101011010010
0000101011011110
0010011101111001
0000110011100101
0001000011111111
0010011101111001
0000101011011010
0000101011100111
0010011101111001
0000101011001010
0000101011001101
0010011101111001
0000110011010100
0001000011010111
0010011101111001
0000101011110001
0000101011111000
0010011101111001
0000101011101011
0000101011110010
0010011101111001
0000110011111011
0001000100011111
0010011101111001
0000101011111001
0000101011101110
0010011101111001
0000101011110100
0000101011101001
0010011101111001
0000110100001010
0001000100001111
0010011101111001
0000011000110001
0000011001000001
0010011101111001
0000011000101111
0000011001001111
0010011101111001
0000011101101110
0000100111100100
0010011101111001
0000011001000100
0000011000101110
0010011101111001
0000011001011101
0000011000101101
0010011101111001
0000011110000100
0000100110101000
0010011101111001
0000011000001010
0000011000000110
0010011101111001
0000011000001110
0000011000010100
0010011101111001
0000011101000011
0000100110011000
0010011101111001
0000011000010110
0000011000011011
0010011101111001
0000011000001101
0000011000010111
0010011101111001
0000011100110110
0000100110000011
0010011101111001
0000010111100001
0000010111100000
0010011101111001
0000010111110010
0000010111110000
0010011101111001
0000011100100101
0000100101011101
0010011101111001
0000010111010011
0000010111001011
0010011101111001
0000010111001000
0000010110110110
0010011101111001
0000011011100000
0000100011011001
0010011101111001
0000010101110000
0000010101010011
0010011101111001
0000010101011101
0000010101000000
0010011101111001
0000011001100101
0000100000111011
0010011101111001
0000010101001100
0000010100001001
0010011101111001
0000010100110110
0000010011110101
0010011101111001
0000011000011010
0000011110101000
0010011101111001
0000010100010110
0000010101110111
0010011101111001
0000010100000011
0000010101110010
0010011101111001
0000010111100000
0000100001111000
0010011101111001
0000011011010010
0000011110001000
0010011101111001
0000011011100100
0000011110011011
0010011101111001
0000100000111100
0000101111110110
0010011101111001
0000100010011101
0000100011110001
0010011101111001
0000100010010101
0000100011101100
0010011101111001
0000101000100110
0000110111011101
0010011101111001
0000100110010110
0000100111011110
0010011101111001
0000100110100100
0000100111101001
0010011101111001
0000101101101111
0000111101111101
0010011101111001
0000101010000010
0000101010110111
0010011101111001
0000101010001100
0000101010111100
0010011101111001
0000110001111111
0001000011000011
0010011101111001
0000101011100011
0000101011100111
0010011101111001
0000101011100011
0000101011101110
0010011101111001
0000110011110011
0001000100011111
0010011101111001
0000101011100000
0000101011101001
0010011101111001
0000101011100100
0000101011101111
0010011101111001
0000110011101110
0001000100001101
0010011101111001
0000101011111100
0000101011110101
0010011101111001
0000101011111000
0000101011110100
0010011101111001
0000110100000100
0001000100100011
0010011101111001
0000101100001100
0000101100000111
0010011101111001
0000101100001111
0000101100010100
0010011101111001
0000110100011110
0001000101001011
0010011101111001
0000011001100000
0000011001010100
0010011101111001
0000011001100011
0000011001010110
0010011101111001
0000011110011100
0000100111100011
0010011101111001
0000011001000110
0000011001001000
0010011101111001
0000011001100100
0000011001100001
0010011101111001
0000011110100100
0000101000000101
0010011101111001
0000011000101010
0000011000101101
0010011101111001
0000011000101001
0000011000111101
0010011101111001
0000011101001100
0000100111000110
0010011101111001
0000011000101001
0000011000101100
0010011101111001
0000011000101010
0000011000101110
0010011101111001
0000011101010001
0000100110011110
0010011101111001
0000011000001001
0000010111111011
0010011101111001
0000011000001000
0000010111110011
0010011101111001
0000011100111000
0000100101000111
0010011101111001
0000010111001101
0000010110011111
0010011101111001
0000010111001101
0000010110101010
0010011101111001
0000011011100110
0000100011100111
0010011101111001
0000010110000000
0000010101101001
0010011101111001
0000010110011101
0000010101110010
0010011101111001
0000011010101111
0000100001111010
0010011101111001
0000010100100000
0000010011100010
0010011101111001
0000010100100001
0000010011101100
0010011101111001
0000011000010000
0000011110110000
0010011101111001
0000010100000000
0000010110000110
0010011101111001
0000010011110001
0000010101110100
0010011101111001
0000010111000001
0000100001011100
0010011101111001
0000011011110111
0000011110101100
0010011101111001
0000011011100011
0000011110011000
0010011101111001
0000100000001011
0000101111000001
0010011101111001
0000100010010011
0000100011100100
0010011101111001
0000100001111110
0000100011100100
0010011101111001
0000100111111110
0000110111010111
0010011101111001
0000100110101000
0000100111111001
0010011101111001
0000100110101100
0000101000000010
0010011101111001
0000101101110101
0000111110011011
0010011101111001
0000101001111111
0000101010111100
0010011101111001
0000101001110110
0000101010110000
0010011101111001
0000110001100001
0001000010100000
0010011101111001
0000101011101110
0000101011101111
0010011101111001
0000101011101001
0000101011100101
0010011101111001
0000110011110100
0001000100001010
0010011101111001
0000101011100100
0000101011011111
0010011101111001
0000101011101111
0000101011110100
0010011101111001
0000110100001000
0001000100110011
0010011101111001
0000101011111110
0000101100001011
0010011101111001
0000101100001100
0000101100010110
0010011101111001
0000110100100100
0001000101010100
0010011101111001
0000101100010111
0000101100010010
0010011101111001
0000101100101100
0000101100011111
0010011101111001
0000110101000111
0001000101100010
0010011101111001
0000011001110111
0000011001010110
0010011101111001
0000011001110100
0000011001101100
0010011101111001
0000011110011010
0000101000011100
0010011101111001
0000011001011001
0000011001001111
0010011101111001
0000011001000011
0000011000111101
0010011101111001
0000011101110000
0000100110110000
0010011101111001
0000011000110001
0000011000111011
0010011101111001
0000011000111110
0000011001000000
0010011101111001
0000011101110010
0000100111000010
0010011101111001
0000011000111011
0000011001001010
0010011101111001
0000011001000111
0000011001000100
0010011101111001
0000011101110110
0000100110111011
0010011101111001
0000011000100101
0000010111101010
0010011101111001
0000011000010100
0000010111011010
0010011101111001
0000011100110101
0000100100100001
0010011101111001
0000010111011001
0000010111001011
0010011101111001
0000010111001110
0000010111001111
0010011101111001
0000011011011011
0000100100010010
0010011101111001
0000010110001010
0000010101001100
0010011101111001
0000010110001100
0000010101001101
0010011101111001
0000011010100011
0000100001010000
0010011101111001
0000010011111100
0000010011000101
0010011101111001
0000010011110011
0000010010111111
0010011101111001
0000010111100100
0000011101101101
0010011101111001
0000010011010110
0000010101001101
0010011101111001
0000010011011101
0000010101100010
0010011101111001
0000010110111000
0000100001101000
0010011101111001
0000011010111100
0000011110001000
0010011101111001
0000011010111111
0000011101111100
0010011101111001
0000011111110100
0000101110010111
0010011101111001
0000100001111111
0000100011110001
0010011101111001
0000100010001011
0000100011111000
0010011101111001
0000101000011110
0000111000000001
0010011101111001
0000100110100011
0000100111101100
0010011101111001
0000100110011101
0000100111011000
0010011101111001
0000101101011110
0000111101001000
0010011101111001
0000101001101011
0000101010100010
0010011101111001
0000101001101101
0000101010101011
0010011101111001
0000110001100010
0001000010101110
0010011101111001
0000101011110001
0000101011110101
0010011101111001
0000101011110011
0000101011111111
0010011101111001
0000110011111010
0001000100110100
0010011101111001
0000101011110011
0000101011110011
0010011101111001
0000101011111100
0000101011111000
0010011101111001
0000110100011011
0001000100111000
0010011101111001
0000101100100101
0000101100101100
0010011101111001
0000101100100110
0000101100110010
0010011101111001
0000110100110011
0001000101110000
0010011101111001
0000101100101101
0000101100100101
0010011101111001
0000101100110101
0000101100101100
0010011101111001
0000110101001111
0001000101110110
0010011101111001
0000011001010011
0000011001011111
0010011101111001
0000011001100001
0000011001011011
0010011101111001
0000011110111111
0000101000001101
0010011101111001
0000011001101010
0000011001101000
0010011101111001
0000011010000001
0000011001111110
0010011101111001
0000011110111100
0000101000100000
0010011101111001
0000011001000100
0000011000110111
0010011101111001
0000011001000000
0000011000111010
0010011101111001
0000011101101111
0000100110111100
0010011101111001
0000011001001100
0000011001001001
0010011101111001
0000011001001100
0000011001000001
0010011101111001
0000011110001100
0000100111000011
0010011101111001
0000011000010101
0000010111101111
0010011101111001
0000011000001010
0000010111100100
0010011101111001
0000011100101000
0000100100100100
0010011101111001
0000010111010000
0000010111010011
0010011101111001
0000010111010111
0000010111001011
0010011101111001
0000011011110000
0000100100000111
0010011101111001
0000010110011111
0000010101100011
0010011101111001
0000010110110000
0000010101111011
0010011101111001
0000011010110001
0000100010011110
0010011101111001
0000010011110011
0000010011010000
0010011101111001
0000010011100111
0000010011010011
0010011101111001
0000010111010110
0000011110001100
0010011101111001
0000010011010100
0000010101010010
0010011101111001
0000010011011110
0000010101010000
0010011101111001
0000010110111001
0000100000111011
0010011101111001
0000011010111001
0000011101110010
0010011101111001
0000011011001000
0000011110001110
0010011101111001
0000100000000011
0000101111010100
0010011101111001
0000100010001011
0000100011111101
0010011101111001
0000100010001100
0000100011110101
0010011101111001
0000101000011000
0000110111110001
0010011101111001
0000100110010111
0000100111100010
0010011101111001
0000100110011100
0000100111101000
0010011101111001
0000101101101011
0000111101110010
0010011101111001
0000101001110011
0000101010100110
0010011101111001
0000101001101100
0000101010011010
0010011101111001
0000110001011001
0001000010000001
0010011101111001
0000101011011010
0000101011110010
0010011101111001
0000101011010110
0000101011110010
0010011101111001
0000110011101011
0001000100100101
0010011101111001
0000101100010010
0000101100011010
0010011101111001
0000101100001110
0000101100011010
0010011101111001
0000110100011111
0001000101010110
0010011101111001
0000101100010111
0000101100011110
0010011101111001
0000101100100000
0000101100110001
0010011101111001
0000110100111110
0001000110001010
0010011101111001
0000101100100100
0000101100010111
0010011101111001
0000101100101100
0000101100011101
0010011101111001
0000110101010100
0001000101101111
0010011101111001
0000011010110010
0000011010011111
0010011101111001
0000011010100001
0000011010011101
0010011101111001
0000011111001001
0000101001001001
0010011101111001
0000011001111110
0000011001111111
0010011101111001
0000011010010100
0000011010100100
0010011101111001
0000011111010101
0000101010000011
0010011101111001
0000011001100010
0000011001101101
0010011101111001
0000011001111110
0000011010000011
0010011101111001
0000011111000001
0000101000100001
0010011101111001
0000011001110111
0000011001000101
0010011101111001
0000011001111011
0000011000111111
0010011101111001
0000011110101011
0000100110111100
0010011101111001
0000011000000010
0000010111011000
0010011101111001
0000010111110110
0000010111010000
0010011101111001
0000011100010101
0000100100010010
0010011101111001
0000010111010000
0000010110110100
0010011101111001
0000010111001000
0000010110101100
0010011101111001
0000011011001101
0000100011011010
0010011101111001
0000010101101000
0000010101011000
0010011101111001
0000010101010010
0000010100111001
0010011101111001
0000011001010110
0000100000100010
0010011101111001
0000010100001100
0000010011100100
0010011101111001
0000010100100100
0000010011101101
0010011101111001
0000011000001011
0000011110101000
0010011101111001
0000010011000011
0000010100110101
0010011101111001
0000010011000000
0000010100101001
0010011101111001
0000010110011010
0000011111111011
0010011101111001
0000011010111010
0000011110001000
0010011101111001
0000011010111011
0000011110000111
0010011101111001
0000011111100010
0000101110100111
0010011101111001
0000100010000101
0000100011110110
0010011101111001
0000100010011110
0000100100000010
0010011101111001
0000101001000011
0000111000011001
0010011101111001
0000100110101101
0000100111110110
0010011101111001
0000100110110000
0000100111111100
0010011101111001
0000101101111011
0000111110010110
0010011101111001
0000101001110010
0000101010011001
0010011101111001
0000101001110101
0000101010011010
0010011101111001
0000110001011110
0001000010000111
0010011101111001
0000101011100010
0000101011111010
0010011101111001
0000101011000111
0000101011101010
0010011101111001
0000110011001000
0001000100000101
0010011101111001
0000101100001110
0000101100010101
0010011101111001
0000101100000111
0000101100001110
0010011101111001
0000110100010110
0001000101000010
0010011101111001
0000101100110100
0000101100110111
0010011101111001
0000101100111110
0000101100111011
0010011101111001
0000110101011010
0001000110010011
0010011101111001
0000101101000101
0000101101000010
0010011101111001
0000101101000101
0000101101001100
0010011101111001
0000110101101101
0001000110101110
0010011101111001
0000011010000110
0000011010000010
0010011101111001
0000011010001110
0000011010010001
0010011101111001
0000011111001001
0000101001001100
0010011101111001
0000011010001101
0000011010111101
0010011101111001
0000011010000100
0000011010011111
0010011101111001
0000011110101110
0000101000101111
0010011101111001
0000011001111101
0000011001010101
0010011101111001
0000011001011110
0000011001000010
0010011101111001
0000011101101110
0000100110101110
0010011101111001
0000011001101100
0000011000110101
0010011101111001
0000011001011000
0000011000110000
0010011101111001
0000011101101010
0000100110011111
0010011101111001
0000010111101100
0000010111010101
0010011101111001
0000010111010110
0000010111000001
0010011101111001
0000011011011100
0000100011101010
0010011101111001
0000010110001111
0000010110000111
0010011101111001
0000010101111011
0000010101110101
0010011101111001
0000011001111111
0000100001111010
0010011101111001
0000010101011101
0000010100110011
0010011101111001
0000010101100100
0000010100111100
0010011101111001
0000011001101111
0000100000110101
0010011101111001
0000010011011000
0000010010100111
0010011101111001
0000010011011011
0000010010101110
0010011101111001
0000010111001101
0000011101100000
0010011101111001
0000010010111101
0000010100010110
0010011101111001
0000010010101001
0000010011111010
0010011101111001
0000010101100111
0000011110100001
0010011101111001
0000011010001111
0000011101010110
0010011101111001
0000011010010010
0000011101011001
0010011101111001
0000011110111001
0000101101100110
0010011101111001
0000100010010011
0000100011110111
0010011101111001
0000100001111101
0000100011101010
0010011101111001
0000101000000010
0000110111100011
0010011101111001
0000100110101000
0000100111100111
0010011101111001
0000100110100000
0000100111100101
0010011101111001
0000101101011100
0000111101110011
0010011101111001
0000101001100100
0000101010100010
0010011101111001
0000101001100011
0000101010011011
0010011101111001
0000110001100010
0001000010001001
0010011101111001
0000101011101000
0000101100000101
0010011101111001
0000101011101000
0000101100000111
0010011101111001
0000110011101010
0001000100101010
0010011101111001
0000101100010001
0000101100011110
0010011101111001
0000101100001000
0000101100001111
0010011101111001
0000110100001011
0001000100110100
0010011101111001
0000101100111101
0000101101001001
0010011101111001
0000101100110111
0000101101000010
0010011101111001
0000110101010101
0001000110011001
0010011101111001
0000101101011001
0000101101011000
0010011101111001
0000101101001011
0000101101010011
0010011101111001
0000110101100111
0001000110101001
0010011101111001
0000011001111100
0000011001111111
0010011101111001
0000011001111000
0000011001110010
0010011101111001
0000011110101110
0000101000000011
0010011101111001
0000011001011001
0000011001011101
0010011101111001
0000011001010100
0000011001010001
0010011101111001
0000011101111011
0000100111000110
0010011101111001
0000011000110010
0000011000100001
0010011101111001
0000011000110001
0000011000010000
0010011101111001
0000011101000100
0000100101101010
0010011101111001
0000011000010100
0000010111111101
0010011101111001
0000010111111100
0000010111100110
0010011101111001
0000011011111001
0000100100011110
0010011101111001
0000010110110100
0000010110011110
0010011101111001
0000010110100011
0000010110000000
0010011101111001
0000011010100101
0000100010001100
0010011101111001
0000010101110000
0000010101011011
0010011101111001
0000010101100100
0000010101011010
0010011101111001
0000011001011101
0000100001011011
0010011101111001
0000010101011001
0000010100100110
0010011101111001
0000010100101110
0000010100000001
0010011101111001
0000011000000000
0000011110100101
0010011101111001
0000010010111011
0000010001111111
0010011101111001
0000010010001000
0000010001000110
0010011101111001
0000010100111011
0000011001111000
0010011101111001
0000010001110001
0000010011110010
0010011101111001
0000010000101111
0000010010111111
0010011101111001
0000010010110111
0000011100010011
0010011101111001
0000011001101111
0000011100110001
0010011101111001
0000011001010110
0000011100111000
0010011101111001
0000011101011100
0000101100111110
0010011101111001
0000100001101110
0000100011100110
0010011101111001
0000100001101101
0000100011011001
0010011101111001
0000100111111100
0000110111000000
0010011101111001
0000100110010011
0000100111110011
0010011101111001
0000100110011011
0000101000000000
0010011101111001
0000101101011100
0000111110010110
0010011101111001
0000101001111111
0000101010100101
0010011101111001
0000101001101100
0000101010011100
0010011101111001
0000110001001100
0001000010000001
0010011101111001
0000101011101011
0000101011111000
0010011101111001
0000101011101000
0000101011110101
0010011101111001
0000110011011111
0001000100001101
0010011101111001
0000101011111101
0000101100010100
0010011101111001
0000101100010010
0000101100100010
0010011101111001
0000110100110100
0001000101110001
0010011101111001
0000101100111100
0000101101000100
0010011101111001
0000101100110000
0000101100110001
0010011101111001
0000110100111110
0001000101101100
0010011101111001
0000101101011101
0000101101011010
0010011101111001
0000101101011001
0000101101011000
0010011101111001
0000110101110101
0001000110110011
0010011101111001
0000011001100111
0000011001001000
0010011101111001
0000011001010111
0000011000101110
0010011101111001
0000011101110110
0000100110010000
0010011101111001
0000011000011101
0000010111110011
0010011101111001
0000010111111101
0000010111011001
0010011101111001
0000011100010010
0000100100011011
0010011101111001
0000010111101110
0000010111101011
0010011101111001
0000010111010100
0000010111011011
0010011101111001
0000011011011100
0000100100010011
0010011101111001
0000010110100101
0000010110000111
0010011101111001
0000010110100101
0000010101111111
0010011101111001
0000011010110011
0000100010011000
0010011101111001
0000010101101101
0000010101010111
0010011101111001
0000010101010100
0000010101000000
0010011101111001
0000011001010011
0000100000101110
0010011101111001
0000010101001100
0000010101010100
0010011101111001
0000010100111110
0000010101001001
0010011101111001
0000011000111110
0000100000111000
0010011101111001
0000010100000101
0000010011001010
0010011101111001
0000010011111100
0000010010110101
0010011101111001
0000010111100101
0000011101000110
0010011101111001
0000010001010000
0000010000001110
0010011101111001
0000010001010011
0000010000100110
0010011101111001
0000010100011011
0000011010000001
0010011101111001
0000001111111111
0000010001110001
0010011101111001
0000010000100000
0000010001111011
0010011101111001
0000010011101011
0000011011111010
0010011101111001
0000011000010101
0000011100010100
0010011101111001
0000010111111100
0000011011111000
0010011101111001
0000011100001001
0000101011000100
0010011101111001
0000100001100111
0000100011011000
0010011101111001
0000100001100011
0000100011011001
0010011101111001
0000100111101110
0000110111000111
0010011101111001
0000100110000110
0000100111010100
0010011101111001
0000100110000100
0000100111001101
0010011101111001
0000101101001011
0000111101001000
0010011101111001
0000101001011101
0000101010000101
0010011101111001
0000101001100010
0000101010001101
0010011101111001
0000110001010010
0001000010000000
0010011101111001
0000101011010001
0000101011100011
0010011101111001
0000101011100010
0000101011110001
0010011101111001
0000110011101001
0001000100011111
0010011101111001
0000101100100010
0000101100101101
0010011101111001
0000101100011100
0000101100110001
0010011101111001
0000110100110001
0001000110000011
0010011101111001
0000101100101101
0000101101000100
0010011101111001
0000101100110000
0000101101000111
0010011101111001
0000110101001111
0001000110011011
0010011101111001
0000101101001111
0000101101001011
0010011101111001
0000101101001110
0000101101001010
0010011101111001
0000110101101110
0001000110100111
0010011101111001
0000011000010001
0000011000000000
0010011101111001
0000010111011101
0000010111100010
0010011101111001
0000011011100100
0000100100011111
0010011101111001
0000010111101101
0000010111011100
0010011101111001
0000010111011011
0000010111010110
0010011101111001
0000011100001111
0000100100100011
0010011101111001
0000010110111111
0000010110110011
0010011101111001
0000010110110010
0000010110010010
0010011101111001
0000011010111110
0000100010011001
0010011101111001
0000010110000110
0000010101111001
0010011101111001
0000010101110111
0000010101111010
0010011101111001
0000011010000100
0000100010001111
0010011101111001
0000010101010101
0000010100111101
0010011101111001
0000010101011011
0000010100111010
0010011101111001
0000011001100001
0000100000101100
0010011101111001
0000010101000010
0000010100100110
0010011101111001
0000010100100000
0000010100000010
0010011101111001
0000010111111100
0000011110110111
0010011101111001
0000010011100101
0000010010010100
0010011101111001
0000010011010100
0000010010000111
0010011101111001
0000010110101010
0000011011111111
0010011101111001
0000010000111001
0000010000010000
0010011101111001
0000010000100010
0000001111111011
0010011101111001
0000010011011010
0000011000101000
0010011101111001
0000010000110010
0000010010101101
0010011101111001
0000010000101000
0000010010011011
0010011101111001
0000010011011011
0000011100001100
0010011101111001
0000011000000000
0000011011100010
0010011101111001
0000010111110000
0000011011011101
0010011101111001
0000011011111011
0000101010100001
0010011101111001
0000100001011100
0000100010111110
0010011101111001
0000100001000100
0000100010100110
0010011101111001
0000100110111010
0000110101101100
0010011101111001
0000100101111100
0000100110110101
0010011101111001
0000100101111101
0000100111000010
0010011101111001
0000101101000011
0000111101001110
0010011101111001
0000101001011010
0000101010000010
0010011101111001
0000101001011100
0000101010010001
0010011101111001
0000110001001101
0001000010010000
0010011101111001
0000101011001111
0000101011110011
0010011101111001
0000101011010010
0000101011110011
0010011101111001
0000110011011010
0001000100011001
0010011101111001
0000101100010011
0000101100011001
0010011101111001
0000101100010010
0000101100001110
0010011101111001
0000110100011010
0001000101000001
0010011101111001
0000101100101100
0000101100111000
0010011101111001
0000101100010110
0000101100100100
0010011101111001
0000110100100011
0001000101100000
0010011101111001
0000101101000101
0000101100111100
0010011101111001
0000101100111010
0000101100110010
0010011101111001
0000110101010101
0001000101111001
0010011101111001
0000010111011111
0000010111101100
0010011101111001
0000010111000011
0000010111001110
0010011101111001
0000011010110100
0000100011100011
0010011101111001
0000011001001110
0000011000101101
0010011101111001
0000011000110100
0000011000010110
0010011101111001
0000011100001010
0000100100110111
0010011101111001
0000010110101000
0000010110010010
0010011101111001
0000010110001111
0000010101110111
0010011101111001
0000011010001001
0000100001110000
0010011101111001
0000010101111100
0000010101110010
0010011101111001
0000010101011001
0000010101010000
0010011101111001
0000011000110010
0000100000101100
0010011101111001
0000010101101001
0000010101001111
0010011101111001
0000010101001100
0000010101000000
0010011101111001
0000011001001011
0000100000101101
0010011101111001
0000010011110111
0000010011101110
0010011101111001
0000010011101111
0000010011100111
0010011101111001
0000010111100101
0000011110101101
0010011101111001
0000010010111110
0000010010001100
0010011101111001
0000010010101110
0000010010001100
0010011101111001
0000010110000001
0000011100010000
0010011101111001
0000010000011110
0000001111111011
0010011101111001
0000010000011000
0000001111101010
0010011101111001
0000010011010101
0000011000001001
0010011101111001
0000010000010001
0000010010000111
0010011101111001
0000001111111001
0000010001111100
0010011101111001
0000010010101001
0000011011101110
0010011101111001
0000011000000110
0000011011011001
0010011101111001
0000011000110010
0000011100001111
0010011101111001
0000011101011111
0000101100100000
0010011101111001
0000100001001000
0000100010111100
0010011101111001
0000100001001111
0000100011000010
0010011101111001
0000100111001001
0000110110011011
0010011101111001
0000100110001110
0000100111100110
0010011101111001
0000100110000000
0000100111011000
0010011101111001
0000101100111001
0000111101001101
0010011101111001
0000101001011101
0000101010010101
0010011101111001
0000101001010010
0000101010001110
0010011101111001
0000110000111101
0001000001111010
0010011101111001
0000101011010010
0000101011100110
0010011101111001
0000101011001111
0000101011100010
0010011101111001
0000110011010011
0001000100000001
0010011101111001
0000101011111110
0000101100010100
0010011101111001
0000101011111101
0000101100010100
0010011101111001
0000110100001011
0001000101001010
0010011101111001
0000101100100001
0000101100110011
0010011101111001
0000101100011110
0000101100101000
0010011101111001
0000110100101101
0001000101011101
0010011101111001
0000101101000100
0000101100111011
0010011101111001
0000101101000011
0000101101000010
0010011101111001
0000110101001110
0001000110001100
0010011101111001
0000010110001011
0000010110000011
0010011101111001
0000010101110001
0000010101111000
0010011101111001
0000011001101011
0000100001111111
0010011101111001
0000010110100010
0000010111000000
0010011101111001
0000010101110100
0000010110010010
0010011101111001
0000011001010010
0000100001110110
0010011101111001
0000010101101010
0000010101000011
0010011101111001
0000010101001011
0000010100100001
0010011101111001
0000011000101010
0000011111101011
0010011101111001
0000010100010110
0000010100011111
0010011101111001
0000010100001010
0000010100001110
0010011101111001
0000010111110000
0000011111010000
0010011101111001
0000010101100111
0000010100110100
0010011101111001
0000010101010101
0000010100110001
0010011101111001
0000011000101101
0000100000011000
0010011101111001
0000010011110110
0000010011011101
0010011101111001
0000010011011111
0000010010111110
0010011101111001
0000010110111111
0000011101011100
0010011101111001
0000010010011010
0000010010010001
0010011101111001
0000010010000000
0000010001111001
0010011101111001
0000010101011011
0000011011100111
0010011101111001
0000010000011100
0000001111100110
0010011101111001
0000010000011000
0000001111100111
0010011101111001
0000010011001111
0000011000010111
0010011101111001
0000001111111011
0000010001111000
0010011101111001
0000001111110101
0000010001100001
0010011101111001
0000010010100010
0000011010101110
0010011101111001
0000011000100100
0000011011111111
0010011101111001
0000011000000111
0000011011101010
0010011101111001
0000011011111101
0000101010110111
0010011101111001
0000100001001011
0000100011011000
0010011101111001
0000100001001100
0000100011011000
0010011101111001
0000100111001011
0000110110110111
0010011101111001
0000100101111010
0000100111001101
0010011101111001
0000100101111110
0000100111001101
0010011101111001
0000101101000110
0000111101001111
0010011101111001
0000101001100001
0000101010010101
0010011101111001
0000101001100111
0000101010011000
0010011101111001
0000110001010001
0001000010001100
0010011101111001
0000101011010010
0000101011101110
0010011101111001
0000101011011101
0000101011110101
0010011101111001
0000110011101010
0001000100011111
0010011101111001
0000101011110011
0000101100000011
0010011101111001
0000101011110011
0000101100000101
0010011101111001
0000110100000100
0001000100111110
0010011101111001
0000101100001110
0000101100000011
0010011101111001
0000101100001011
0000101100000110
0010011101111001
0000110100011111
0001000101001001
0010011101111001
0000101100110010
0000101101001010
0010011101111001
0000101101001000
0000101101001011
0010011101111001
0000110101101101
0001000110010011
0010011101111001
0000010101110011
0000010101011100
0010011101111001
0000010101011111
0000010101000100
0010011101111001
0000011001001001
0000100000100100
0010011101111001
0000010100101110
0000010100101001
0010011101111001
0000010100100010
0000010100100110
0010011101111001
0000011000001001
0000100000000010
0010011101111001
0000010100010110
0000010100010000
0010011101111001
0000010100010111
0000010100001011
0010011101111001
0000011000001100
0000011111011011
0010011101111001
0000010011100110
0000010011010101
0010011101111001
0000010011110001
0000010011011001
0010011101111001
0000010111100000
0000011110100001
0010011101111001
0000010100010101
0000010100010010
0010011101111001
0000010011101011
0000010011100001
0010011101111001
0000010110110011
0000011101101100
0010011101111001
0000010011010101
0000010011011001
0010011101111001
0000010011000001
0000010011010000
0010011101111001
0000010110011000
0000011101110000
0010011101111001
0000010010001110
0000010001011110
0010011101111001
0000010010001010
0000010001011101
0010011101111001
0000010101011100
0000011011001110
0010011101111001
0000010000010111
0000001111101011
0010011101111001
0000010000101110
0000001111110001
0010011101111001
0000010011101011
0000011000101010
0010011101111001
0000001111111011
0000010001000111
0010011101111001
0000010000001001
0000010001011011
0010011101111001
0000010010110110
0000011011000101
0010011101111001
0000010111011001
0000011011100101
0010011101111001
0000010111100011
0000011011100001
0010011101111001
0000011011110010
0000101010100110
0010011101111001
0000100000111101
0000100010110011
0010011101111001
0000100000110110
0000100010101010
0010011101111001
0000100111000010
0000110110000101
0010011101111001
0000100110001101
0000100111011001
0010011101111001
0000100101111100
0000100111000111
0010011101111001
0000101100101101
0000111100101110
0010011101111001
0000101001010111
0000101010000111
0010011101111001
0000101001010011
0000101001111010
0010011101111001
0000110000111101
0001000001011000
0010011101111001
0000101011011001
0000101011101110
0010011101111001
0000101011000110
0000101011101000
0010011101111001
0000110010111011
0001000011110110
0010011101111001
0000101011111100
0000101100001110
0010011101111001
0000101011111010
0000101100010000
0010011101111001
0000110100000110
0001000101000111
0010011101111001
0000101100010111
0000101100101000
0010011101111001
0000101100011010
0000101100100110
0010011101111001
0000110100100100
0001000101011011
0010011101111001
0000101100110000
0000101100100011
0010011101111001
0000101100010010
0000101100010111
0010011101111001
0000110100001110
0001000100111100
0010011101111001
0000010100111010
0000010100110110
0010011101111001
0000010100001100
0000010100001011
0010011101111001
0000010111011111
0000011110110111
0010011101111001
0000010011111111
0000010011100101
0010011101111001
0000010011110110
0000010011100100
0010011101111001
0000010111011101
0000011110101011
0010011101111001
0000010011101000
0000010011011000
0010011101111001
0000010011000100
0000010011000110
0010011101111001
0000010110100010
0000011101110101
0010011101111001
0000010011100010
0000010011010001
0010011101111001
0000010011100111
0000010011010010
0010011101111001
0000010111011100
0000011110011111
0010011101111001
0000010010110110
0000010010100110
0010011101111001
0000010010111110
0000010010110001
0010011101111001
0000010110110011
0000011101011100
0010011101111001
0000010010011101
0000010010001010
0010011101111001
0000010010001111
0000010010001010
0010011101111001
0000010101100010
0000011100011000
0010011101111001
0000010001100101
0000010000111011
0010011101111001
0000010001011011
0000010000110011
0010011101111001
0000010100110101
0000011010010011
0010011101111001
0000010000000000
0000001111010011
0010011101111001
0000001111111010
0000001111000010
0010011101111001
0000010010011000
0000010111001110
0010011101111001
0000001111100100
0000010001011100
0010011101111001
0000001111110111
0000010001100011
0010011101111001
0000010010100101
0000011011000101
0010011101111001
0000010111001011
0000011011000101
0010011101111001
0000010110101100
0000011010100111
0010011101111001
0000011010100100
0000101001000010
0010011101111001
0000100001010100
0000100011001010
0010011101111001
0000100001001111
0000100011011001
0010011101111001
0000100111010101
0000110111011000
0010011101111001
0000100101101101
0000100111000001
0010011101111001
0000100101100011
0000100110110011
0010011101111001
0000101100011111
0000111100010100
0010011101111001
0000101001001101
0000101010001000
0010011101111001
0000101001001001
0000101001111110
0010011101111001
0000110000101000
0001000001001101
0010011101111001
0000101010101001
0000101011000101
0010011101111001
0000101010100011
0000101010111011
0010011101111001
0000110010011011
0001000010110110
0010011101111001
0000101011101100
0000101011111001
0010011101111001
0000101011011111
0000101011101000
0010011101111001
0000110011100001
0001000011111101
0010011101111001
0000101011101100
0000101011101010
0010011101111001
0000101011010100
0000101011010100
0010011101111001
0000110011000101
0001000011011010
0010011101111001
0000101011101101
0000101011101111
0010011101111001
0000101011110100
0000101011111000
0010011101111001
0000110100000101
0001000100101011
0010011101111001
0000010011110101
0000010011110111
0010011101111001
0000010100000000
0000010011111101
0010011101111001
0000011000001000
0000011111010001
0010011101111001
0000010100000000
0000010100000000
0010011101111001
0000010011111101
0000010011110100
0010011101111001
0000010111011000
0000011110011011
0010011101111001
0000010011100011
0000010011101110
0010011101111001
0000010011011100
0000010011011011
0010011101111001
0000010110111110
0000011101111010
0010011101111001
0000010011110000
0000010011110101
0010011101111001
0000010011110101
0000010011111010
0010011101111001
0000010111101001
0000011111001011
0010011101111001
0000010011110001
0000010011000100
0010011101111001
0000010011110010
0000010010111110
0010011101111001
0000010111001011
0000011101011001
0010011101111001
0000010010000110
0000010001110111
0010011101111001
0000010010010000
0000010010000101
0010011101111001
0000010101101100
0000011100001001
0010011101111001
0000010001011110
0000010000011100
0010011101111001
0000010001010010
0000010000011000
0010011101111001
0000010100011011
0000011001101110
0010011101111001
0000001110111001
0000001110010101
0010011101111001
0000001110111101
0000001110010011
0010011101111001
0000010001011111
0000010110001110
0010011101111001
0000001110110101
0000010000101100
0010011101111001
0000001110100011
0000010000010101
0010011101111001
0000010001001010
0000011001010100
0010011101111001
0000010111000000
0000011010111101
0010011101111001
0000010111010100
0000011011001001
0010011101111001
0000011011110000
0000101010010101
0010011101111001
0000100001010111
0000100011100101
0010011101111001
0000100001000010
0000100011010011
0010011101111001
0000100110110100
0000110110110000
0010011101111001
0000100110000000
0000100111001000
0010011101111001
0000100110000101
0000100111001000
0010011101111001
0000101100110101
0000111100110000
0010011101111001
0000101000110001
0000101001110000
0010011101111001
0000101000101111
0000101001110001
0010011101111001
0000110000010010
0001000001000001
0010011101111001
0000101010101100
0000101011000011
0010011101111001
0000101010111110
0000101011011000
0010011101111001
0000110011000001
0001000011111001
0010011101111001
0000101011001100
0000101011000011
0010011101111001
0000101011000100
0000101010111011
0010011101111001
0000110010111110
0001000011000011
0010011101111001
0000101010101101
0000101011000100
0010011101111001
0000101010101000
0000101011000111
0010011101111001
0000110010100111
0001000011010110
0010011101111001
0000101011101010
0000101011101101
0010011101111001
0000101011100011
0000101011100111
0010011101111001
0000110011111011
0001000100010010
