00x00xxx0xxxx00x
0000100010011000
0000100011000000
0010011101111001
0000100010011000
0000100011000000
0000000000000000
0000100110100111
0000101111111011
0000000000000000
0000100010001100
0000100001011100
0010011101111001
0000100010001100
0000100001011100
0000000000000000
0000100110100100
0000101110000000
0000000000000000
0000100000100100
0000100000011000
0010011101111001
0000100000100100
0000100000011000
0000000000000000
0000100100101010
0000101100011101
0000000000000000
0000100001001100
0000100001001100
0010011101111001
0000100001001100
0000100001001100
0000000000000000
0000100101010010
0000101101110010
0000000000000000
0000100000111100
0000100001100000
0010011101111001
0000100000111100
0000100001100000
0000000000000000
0000100100111100
0000101101111111
0000000000000000
0000100000111000
0000100000100000
0010011101111001
0000100000111000
0000100000100000
0000000000000000
0000100101000011
0000101100101011
0000000000000000
0000100000011100
0000100000111000
0010011101111001
0000100000011100
0000100000111000
0000000000000000
0000100100011010
0000101101000011
0000000000000000
0000100000100000
0000100000111100
0010011101111001
0000100000100000
0000100000111100
0000000000000000
0000100100011110
0000101101000010
0000000000000000
0000100001100100
0000100000111000
0010011101111001
0000100001100100
0000100000111000
0000000000000000
0000100101110110
0000101101011001
0000000000000000
0000100000001100
0000100000100000
0010011101111001
0000100000001100
0000100000100000
0000000000000000
0000100100000110
0000101100101101
0000000000000000
0000100001000100
0000100001000100
0010011101111001
0000100001000100
0000100001000100
0000000000000000
0000100101001000
0000101101101100
0000000000000000
0000100000010100
0000100000111100
0010011101111001
0000100000010100
0000100000111100
0000000000000000
0000100100001110
0000101101001100
0000000000000000
0000100000101100
0000100000101100
0010011101111001
0000100000101100
0000100000101100
0000000000000000
0000100100101110
0000101100111110
0000000000000000
0000100000011000
0000100000000100
0010011101111001
0000100000011000
0000100000000100
0000000000000000
0000100100100001
0000101100000100
0000000000000000
0000100000010000
0000011111111100
0010011101111001
0000100000010000
0000011111111100
0000000000000000
0000100100010111
0000101011111010
0000000000000000
0000100000010100
0000100000100000
0010011101111001
0000100000010100
0000100000100000
0000000000000000
0000100100010000
0000101100110001
0000000000000000
0000011111110100
0000011111010100
0010011101111001
0000011111110100
0000011111010100
0000000000000000
0000100011111010
0000101011000110
0000000000000000
0000100010000101
0000100010100111
0010011101111001
0000100001011001
0000100001110010
0000000000000000
0000100101001010
0000101101101001
0000000000000000
0000100010001000
0000100001100000
0010011101111001
0000100001111110
0000100001100101
0000000000000000
0000100110000010
0000101110001011
0000000000000000
0000100000101100
0000100000011110
0010011101111001
0000100000111010
0000100000100101
0000000000000000
0000100101001000
0000101101000001
0000000000000000
0000100001000010
0000100001000011
0010011101111001
0000100000100111
0000100000100111
0000000000000000
0000100100011001
0000101100010011
0000000000000000
0000100000110101
0000100001001011
0010011101111001
0000100000011100
0000100000011101
0000000000000000
0000100100001111
0000101100000000
0000000000000000
0000100000111001
0000100000101000
0010011101111001
0000100000111101
0000100000110110
0000000000000000
0000100101001011
0000101101100000
0000000000000000
0000100000011100
0000100000110101
0010011101111001
0000100000010100
0000100000101111
0000000000000000
0000100100001001
0000101100110110
0000000000000000
0000100000011111
0000100000111100
0010011101111001
0000100000011111
0000100000101111
0000000000000000
0000100100010111
0000101100100011
0000000000000000
0000100001011001
0000100000100100
0010011101111001
0000100000110010
0000100000000011
0000000000000000
0000100100011111
0000101011110111
0000000000000000
0000100000000011
0000100000100010
0010011101111001
0000011111110110
0000100000011010
0000000000000000
0000100011101101
0000101100001001
0000000000000000
0000100000111100
0000100000111101
0010011101111001
0000100000110100
0000100000110101
0000000000000000
0000100100111000
0000101101001110
0000000000000000
0000100000010001
0000100000110000
0010011101111001
0000100000010001
0000100000011111
0000000000000000
0000100100011010
0000101100011100
0000000000000000
0000100000101111
0000100000110000
0010011101111001
0000100000101011
0000100000101011
0000000000000000
0000100100101010
0000101100101001
0000000000000000
0000100000010110
0000100000000011
0010011101111001
0000100000001111
0000100000000110
0000000000000000
0000100100001001
0000101100001000
0000000000000000
0000100000010101
0000100000000100
0010011101111001
0000100000011111
0000100000010010
0000000000000000
0000100100101001
0000101100100000
0000000000000000
0000100000010000
0000100000010110
0010011101111001
0000100000000100
0000011111111011
0000000000000000
0000100011111011
0000101011100010
0000000000000000
0000011111110000
0000011111010000
0010011101111001
0000011111100011
0000011111001001
0000000000000000
0000100011011010
0000101010110111
0000000000000000
0000100001000110
0000100001010101
0010011101111001
0000100001000000
0000100001000101
0000000000000000
0000100100111010
0000101101001010
0000000000000000
0000100001100010
0000100001001111
0010011101111001
0000100001100011
0000100001010000
0000000000000000
0000100101101110
0000101101101110
0000000000000000
0000100001000010
0000100000101011
0010011101111001
0000100001000101
0000100000101100
0000000000000000
0000100101001110
0000101101000011
0000000000000000
0000100000001111
0000011111111100
0010011101111001
0000100000011111
0000100000001110
0000000000000000
0000100100101110
0000101100110011
0000000000000000
0000100000010100
0000100000011001
0010011101111001
0000100000100101
0000100000100011
0000000000000000
0000100100110000
0000101100111000
0000000000000000
0000100001000100
0000100000101111
0010011101111001
0000100000101111
0000100000100001
0000000000000000
0000100100011101
0000101100100100
0000000000000000
0000100000000101
0000100000010110
0010011101111001
0000100000000101
0000100000010110
0000000000000000
0000100011111100
0000101100101000
0000000000000000
0000100000000001
0000100000010001
0010011101111001
0000100000000001
0000100000010100
0000000000000000
0000100100001110
0000101100011010
0000000000000000
0000100000001001
0000011111111011
0010011101111001
0000100000000010
0000011111101101
0000000000000000
0000100011111100
0000101011011011
0000000000000000
0000100000001100
0000100000011010
0010011101111001
0000100000000101
0000100000000110
0000000000000000
0000100100000010
0000101011100011
0000000000000000
0000100000110011
0000100000110101
0010011101111001
0000100000010101
0000100000001111
0000000000000000
0000100100000011
0000101011110000
0000000000000000
0000100000100100
0000100000110010
0010011101111001
0000100000011010
0000100000101000
0000000000000000
0000100100001101
0000101100100000
0000000000000000
0000100000100011
0000100000011110
0010011101111001
0000100000100010
0000100000010011
0000000000000000
0000100100100110
0000101100010010
0000000000000000
0000100000001001
0000100000010101
0010011101111001
0000100000000101
0000100000010100
0000000000000000
0000100011111111
0000101100010011
0000000000000000
0000100000011001
0000100000000101
0010011101111001
0000100000001111
0000011111101110
0000000000000000
0000100100001010
0000101011010001
0000000000000000
0000011111110011
0000011111110000
0010011101111001
0000011111101011
0000011111110101
0000000000000000
0000100011101111
0000101011110110
0000000000000000
0000011111011110
0000011111010110
0010011101111001
0000011111011000
0000011111011110
0000000000000000
0000100011010010
0000101011001110
0000000000000000
0000100000100011
0000100000100100
0010011101111001
0000100000011101
0000100000010011
0000000000000000
0000100100101011
0000101100010111
0000000000000000
0000100001000100
0000100000111001
0010011101111001
0000100000111001
0000100000110100
0000000000000000
0000100101000101
0000101101000011
0000000000000000
0000100000111111
0000100001000001
0010011101111001
0000100001000000
0000100001001000
0000000000000000
0000100101000010
0000101101101100
0000000000000000
0000100000101100
0000100000100110
0010011101111001
0000100000110101
0000100000110011
0000000000000000
0000100101000010
0000101101011010
0000000000000000
0000100000101100
0000100000100111
0010011101111001
0000100000101001
0000100000100011
0000000000000000
0000100100111010
0000101100101100
0000000000000000
0000100000010110
0000100000001111
0010011101111001
0000100000100000
0000100000010100
0000000000000000
0000100100100100
0000101100011000
0000000000000000
0000100000001101
0000100000010011
0010011101111001
0000100000010111
0000100000011000
0000000000000000
0000100100010111
0000101100011110
0000000000000000
0000100000011101
0000100000100000
0010011101111001
0000100000101100
0000100000101110
0000000000000000
0000100100111001
0000101101001100
0000000000000000
0000100000000111
0000100000000100
0010011101111001
0000100000011001
0000100000001110
0000000000000000
0000100100100001
0000101100001110
0000000000000000
0000100000001011
0000011111111101
0010011101111001
0000100000011101
0000100000010111
0000000000000000
0000100100101100
0000101100111010
0000000000000000
0000100000001110
0000100000000110
0010011101111001
0000100000011101
0000100000101100
0000000000000000
0000100100011110
0000101101010100
0000000000000000
0000011111111101
0000100000000000
0010011101111001
0000011111111100
0000011111110110
0000000000000000
0000100011111100
0000101011011111
0000000000000000
0000100000110001
0000100000101010
0010011101111001
0000100000100001
0000100000101001
0000000000000000
0000100100000110
0000101100011110
0000000000000000
0000100000001111
0000100000010101
0010011101111001
0000100000011010
0000100000010001
0000000000000000
0000100100100000
0000101100001001
0000000000000000
0000100000001101
0000011111111101
0010011101111001
0000100000001101
0000100000010010
0000000000000000
0000100100000111
0000101100011001
0000000000000000
0000100000001100
0000100000011101
0010011101111001
0000100000010011
0000100000011110
0000000000000000
0000100100100001
0000101100110010
0000000000000000
0000011111101110
0000011111011011
0010011101111001
0000011111110000
0000011111100110
0000000000000000
0000100011101011
0000101011100011
0000000000000000
0000100000111001
0000100000110001
0010011101111001
0000100000111000
0000100000101110
0000000000000000
0000100100110101
0000101100111110
0000000000000000
0000100001000110
0000100000111001
0010011101111001
0000100001000111
0000100001000000
0000000000000000
0000100101001100
0000101101011100
0000000000000000
0000100000111000
0000100000111000
0010011101111001
0000100000111110
0000100000111010
0000000000000000
0000100101010000
0000101101011001
0000000000000000
0000100000111100
0000100001010011
0010011101111001
0000100000110011
0000100000110101
0000000000000000
0000100100110100
0000101100111101
0000000000000000
0000100001000101
0000100000111101
0010011101111001
0000100001000100
0000100001000111
0000000000000000
0000100101000110
0000101101101011
0000000000000000
0000100000010111
0000100000100010
0010011101111001
0000100000011001
0000100000101110
0000000000000000
0000100100001110
0000101100111111
0000000000000000
0000100000011011
0000100000101111
0010011101111001
0000100000100100
0000100000100110
0000000000000000
0000100100110000
0000101100101101
0000000000000000
0000100000011101
0000100000010011
0010011101111001
0000100000001000
0000100000000001
0000000000000000
0000100100000011
0000101100000001
0000000000000000
0000100000010001
0000100000000101
0010011101111001
0000100000001101
0000100000001100
0000000000000000
0000100100001001
0000101100010111
0000000000000000
0000100000100000
0000100000001111
0010011101111001
0000100000010001
0000100000001001
0000000000000000
0000100011111101
0000101100001101
0000000000000000
0000100000011001
0000100000011110
0010011101111001
0000100000100000
0000100000100011
0000000000000000
0000100100100110
0000101100110111
0000000000000000
0000011111111110
0000011111101000
0010011101111001
0000100000001101
0000100000000011
0000000000000000
0000100100011000
0000101100100000
0000000000000000
0000011111111110
0000100000010110
0010011101111001
0000100000010010
0000100000100011
0000000000000000
0000100100011011
0000101100100110
0000000000000000
0000100000011101
0000100000000111
0010011101111001
0000100000100110
0000100000010101
0000000000000000
0000100100110100
0000101100011100
0000000000000000
0000100000011000
0000100000011000
0010011101111001
0000100000011100
0000100000100011
0000000000000000
0000100100010000
0000101100101001
0000000000000000
0000100000110000
0000100000011111
0010011101111001
0000100000101010
0000100000100000
0000000000000000
0000100100101010
0000101100111101
0000000000000000
0000011111100100
0000011111001111
0010011101111001
0000011111100110
0000011111010100
0000000000000000
0000100011111011
0000101011100001
0000000000000000
0000100000100010
0000100000111010
0010011101111001
0000100000101001
0000100000111111
0000000000000000
0000100100111100
0000101101001111
0000000000000000
0000100001000010
0000100000111010
0010011101111001
0000100000111111
0000100000111010
0000000000000000
0000100100111101
0000101101001001
0000000000000000
0000100001001000
0000100000111100
0010011101111001
0000100001001100
0000100001001000
0000000000000000
0000100101001111
0000101101101100
0000000000000000
0000100000111000
0000100000110110
0010011101111001
0000100001001100
0000100001000100
0000000000000000
0000100110000010
0000101101110111
0000000000000000
0000100000111001
0000100000100100
0010011101111001
0000100000100111
0000100000010111
0000000000000000
0000100100011111
0000101100010100
0000000000000000
0000100000000010
0000100000001111
0010011101111001
0000100000001011
0000011111111101
0000000000000000
0000100100001111
0000101011110010
0000000000000000
0000100000111001
0000100000100111
0010011101111001
0000100000110100
0000100000110100
0000000000000000
0000100100110010
0000101101001110
0000000000000000
0000100000001010
0000100000000111
0010011101111001
0000100000100010
0000100000011000
0000000000000000
0000100100111100
0000101100101110
0000000000000000
0000100000001001
0000100000001000
0010011101111001
0000100000011011
0000100000001000
0000000000000000
0000100100111110
0000101100100001
0000000000000000
0000011111100111
0000100000000010
0010011101111001
0000011111101101
0000100000000000
0000000000000000
0000100011111100
0000101100000110
0000000000000000
0000100000011001
0000100000011100
0010011101111001
0000100000000100
0000100000000011
0000000000000000
0000100100000100
0000101011110010
0000000000000000
0000100000101010
0000100000111000
0010011101111001
0000100000110010
0000100000111111
0000000000000000
0000100100101000
0000101101001001
0000000000000000
0000100000011100
0000100000011100
0010011101111001
0000100000100110
0000100000011111
0000000000000000
0000100100110101
0000101100101001
0000000000000000
0000100000101011
0000100000100010
0010011101111001
0000100000101001
0000100000110011
0000000000000000
0000100100110111
0000101101010011
0000000000000000
0000100000010001
0000100000011000
0010011101111001
0000100000011000
0000100000000110
0000000000000000
0000100100001110
0000101011101100
0000000000000000
0000100000101010
0000100000101111
0010011101111001
0000100000100001
0000100000110101
0000000000000000
0000100100010111
0000101101001000
0000000000000000
0000100000011101
0000100000001010
0010011101111001
0000100000011101
0000100000000100
0000000000000000
0000100100100001
0000101100010000
0000000000000000
0000100001010000
0000100001011011
0010011101111001
0000100001000010
0000100001011000
0000000000000000
0000100100110101
0000101101100110
0000000000000000
0000100001000001
0000100001010000
0010011101111001
0000100000111010
0000100001010001
0000000000000000
0000100100110101
0000101101101110
0000000000000000
0000100000100001
0000100001001000
0010011101111001
0000100000010001
0000100000101101
0000000000000000
0000100100100110
0000101100100010
0000000000000000
0000100010100110
0000100001010111
0010011101111001
0000100010010011
0000100001010001
0000000000000000
0000100101110000
0000101101110000
0000000000000000
0000100000010100
0000100000011001
0010011101111001
0000100000011111
0000100000101010
0000000000000000
0000100100100101
0000101101000101
0000000000000000
0000100000000010
0000100000000101
0010011101111001
0000100000000100
0000100000001011
0000000000000000
0000100100010010
0000101100001001
0000000000000000
0000100000100110
0000100000101011
0010011101111001
0000100000101000
0000100000011101
0000000000000000
0000100100101100
0000101100011101
0000000000000000
0000100000111011
0000100000110000
0010011101111001
0000100000011110
0000100000011110
0000000000000000
0000100100000101
0000101100000110
0000000000000000
0000100001011001
0000100000110011
0010011101111001
0000100001000010
0000100000110000
0000000000000000
0000100100011000
0000101100100110
0000000000000000
0000100000000010
0000100000000000
0010011101111001
0000011111111011
0000011111100111
0000000000000000
0000100011111111
0000101011001111
0000000000000000
0000100000010100
0000100000011001
0010011101111001
0000100000000000
0000100000001100
0000000000000000
0000100011110000
0000101011111010
0000000000000000
0000100000001000
0000100000010001
0010011101111001
0000100000001110
0000100000000010
0000000000000000
0000100100011000
0000101011111011
0000000000000000
0000100000110111
0000100001000000
0010011101111001
0000100000100000
0000100000110000
0000000000000000
0000100100001011
0000101100100101
0000000000000000
0000100000111001
0000100000110101
0010011101111001
0000100000101110
0000100000011010
0000000000000000
0000100100100110
0000101100001100
0000000000000000
0000011111111000
0000011111100101
0010011101111001
0000100000000000
0000011111111101
0000000000000000
0000100100000001
0000101100001100
0000000000000000
0000100000011001
0000100000100000
0010011101111001
0000100000011011
0000100000010101
0000000000000000
0000100100100000
0000101100011000
0000000000000000
0000100000001010
0000011111111001
0010011101111001
0000011111111110
0000011111111100
0000000000000000
0000100011110000
0000101011111100
0000000000000000
0000100000101000
0000100000101111
0010011101111001
0000100000101001
0000100000100010
0000000000000000
0000100100111001
0000101100111100
0000000000000000
0000100000111000
0000100000111110
0010011101111001
0000100000101011
0000100000111110
0000000000000000
0000100100101011
0000101101011001
0000000000000000
0000100000110110
0000100000110000
0010011101111001
0000100000111000
0000100000111011
0000000000000000
0000100101000110
0000101101011010
0000000000000000
0000100000110101
0000100000110011
0010011101111001
0000100000101100
0000100000110010
0000000000000000
0000100100100100
0000101100110111
0000000000000000
0000100000101000
0000100000011111
0010011101111001
0000100000101100
0000100000100001
0000000000000000
0000100100100001
0000101100011011
0000000000000000
0000100000100010
0000100000010100
0010011101111001
0000100000010111
0000100000010010
0000000000000000
0000100100001101
0000101100001101
0000000000000000
0000100000100101
0000100000101000
0010011101111001
0000100000100100
0000100000111010
0000000000000000
0000100100011000
0000101101001100
0000000000000000
0000011111101110
0000011111100101
0010011101111001
0000011111111000
0000011111110001
0000000000000000
0000100100000101
0000101011111001
0000000000000000
0000011111100011
0000011111101001
0010011101111001
0000011111100111
0000011111101001
0000000000000000
0000100011100100
0000101011011010
0000000000000000
0000011111111111
0000011111101010
0010011101111001
0000011111110101
0000011111100110
0000000000000000
0000100011110011
0000101011010110
0000000000000000
0000100000000100
0000100000010001
0010011101111001
0000011111110111
0000100000000110
0000000000000000
0000100011100101
0000101011110001
0000000000000000
0000100000000100
0000011111110010
0010011101111001
0000011111110111
0000011111111000
0000000000000000
0000100011110101
0000101011111000
0000000000000000
0000100000000011
0000100000000010
0010011101111001
0000100000001001
0000011111111011
0000000000000000
0000100100001111
0000101100000000
0000000000000000
0000100000010000
0000100000001000
0010011101111001
0000011111111110
0000100000000010
0000000000000000
0000100011110001
0000101011110010
0000000000000000
0000011111101111
0000100000000010
0010011101111001
0000011111100011
0000011111101000
0000000000000000
0000100011100011
0000101011010000
0000000000000000
0000100000101000
0000100000001111
0010011101111001
0000100000100110
0000100000010100
0000000000000000
0000100100100000
0000101100100010
0000000000000000
0000011111111000
0000011111110011
0010011101111001
0000100000000110
0000011111110011
0000000000000000
0000100100001110
0000101011101100
0000000000000000
0000100000111100
0000100000111010
0010011101111001
0000100000111001
0000100001000000
0000000000000000
0000100101000011
0000101101100001
0000000000000000
0000100001000101
0000100001010111
0010011101111001
0000100001011001
0000100001011010
0000000000000000
0000100101101001
0000101110000011
0000000000000000
0000100001000100
0000100001001010
0010011101111001
0000100000111111
0000100001001100
0000000000000000
0000100101010001
0000101101101010
0000000000000000
0000100000010110
0000100000010001
0010011101111001
0000100000011011
0000100000000001
0000000000000000
0000100100100110
0000101011111010
0000000000000000
0000100000000110
0000011111111101
0010011101111001
0000100000000110
0000011111111111
0000000000000000
0000100100000110
0000101100000000
0000000000000000
0000011111111011
0000011111101000
0010011101111001
0000011111111100
0000011111101101
0000000000000000
0000100100000000
0000101011110110
0000000000000000
0000011111111010
0000100000010000
0010011101111001
0000011111111100
0000100000001000
0000000000000000
0000100100001010
0000101100010011
0000000000000000
0000100000001110
0000100000010001
0010011101111001
0000100000000101
0000100000000110
0000000000000000
0000100100000100
0000101011111010
0000000000000000
0000011111110110
0000100000001110
0010011101111001
0000011111111101
0000100000010111
0000000000000000
0000100011110001
0000101100010111
0000000000000000
0000011111101111
0000011111101000
0010011101111001
0000011111110101
0000011111101101
0000000000000000
0000100011111010
0000101011101000
0000000000000000
0000100000000010
0000100000010000
0010011101111001
0000100000001100
0000100000010111
0000000000000000
0000100100000100
0000101100011100
0000000000000000
0000100000000011
0000100000010101
0010011101111001
0000100000001000
0000100000011110
0000000000000000
0000100100000010
0000101100101111
0000000000000000
0000100000001010
0000100000000111
0010011101111001
0000011111111111
0000100000000001
0000000000000000
0000100011110001
0000101011110110
0000000000000000
0000011111111000
0000011111110011
0010011101111001
0000011111111011
0000011111111111
0000000000000000
0000100011110111
0000101011111000
0000000000000000
0000011111110011
0000011111111010
0010011101111001
0000100000000100
0000100000011001
0000000000000000
0000100011111100
0000101100101011
0000000000000000
0000100000010110
0000100000100110
0010011101111001
0000100000010111
0000100000001101
0000000000000000
0000100100011100
0000101011111010
0000000000000000
0000100000000011
0000011111101111
0010011101111001
0000011111111000
0000011111110011
0000000000000000
0000100011101011
0000101011100111
0000000000000000
0000100000111111
0000100001000000
0010011101111001
0000100001010101
0000100001001101
0000000000000000
0000100101110000
0000101110000111
0000000000000000
0000100001010111
0000100001011111
0010011101111001
0000100000111111
0000100001010110
0000000000000000
0000100100110010
0000101101011010
0000000000000000
0000100001101001
0000100001010110
0010011101111001
0000100001100111
0000100001001101
0000000000000000
0000100101100101
0000101101100011
0000000000000000
0000100000100101
0000100000010101
0010011101111001
0000100000011110
0000100000001010
0000000000000000
0000100100011110
0000101100001010
0000000000000000
0000011111111100
0000100000001111
0010011101111001
0000011111100111
0000100000010000
0000000000000000
0000100011011100
0000101100001101
0000000000000000
0000011111111110
0000100000000000
0010011101111001
0000100000000110
0000011111111011
0000000000000000
0000100100001010
0000101011110110
0000000000000000
0000100000011000
0000100000011000
0010011101111001
0000100000011100
0000100000101110
0000000000000000
0000100100001111
0000101101001011
0000000000000000
0000100000001111
0000100000001111
0010011101111001
0000100000011100
0000100000010110
0000000000000000
0000100100100000
0000101100011001
0000000000000000
0000011111111101
0000011111101111
0010011101111001
0000100000011001
0000100000010110
0000000000000000
0000100100011111
0000101100110110
0000000000000000
0000011111111011
0000011111110111
0010011101111001
0000011111111100
0000011111101101
0000000000000000
0000100011111110
0000101011010111
0000000000000000
0000100000000000
0000011111110000
0010011101111001
0000100000000111
0000011111110110
0000000000000000
0000100100000111
0000101100000111
0000000000000000
0000011111101101
0000011111111001
0010011101111001
0000011111100100
0000011111101110
0000000000000000
0000100011101010
0000101011110011
0000000000000000
0000011111101110
0000011111111001
0010011101111001
0000011111100011
0000011111110010
0000000000000000
0000100011011111
0000101011100110
0000000000000000
0000011111110010
0000011111101001
0010011101111001
0000011111111000
0000011111111010
0000000000000000
0000100100000000
0000101100000110
0000000000000000
0000011111100100
0000100000010110
0010011101111001
0000011111101001
0000100000010100
0000000000000000
0000100011110010
0000101100011011
0000000000000000
0000100000011100
0000100000000000
0010011101111001
0000100000011010
0000100000011000
0000000000000000
0000100100010111
0000101100100010
0000000000000000
0000011111111100
0000011111101110
0010011101111001
0000100000011101
0000100000001001
0000000000000000
0000100100110001
0000101100101001
0000000000000000
0000100001001110
0000100001100011
0010011101111001
0000100000110110
0000100001011011
0000000000000000
0000100100110010
0000101101110001
0000000000000000
0000100000110010
0000100000110110
0010011101111001
0000100001000011
0000100000111010
0000000000000000
0000100101011110
0000101101010001
0000000000000000
0000100001001001
0000100000011001
0010011101111001
0000100001000000
0000100000100000
0000000000000000
0000100101000010
0000101100110101
0000000000000000
0000100000010111
0000100000001110
0010011101111001
0000100000011000
0000100000010010
0000000000000000
0000100100011100
0000101100100000
0000000000000000
0000011111111010
0000100000010011
0010011101111001
0000011111111001
0000100000001010
0000000000000000
0000100100000100
0000101100001101
0000000000000000
0000011111110101
0000011111010001
0010011101111001
0000011111111111
0000011111010110
0000000000000000
0000100100001011
0000101011110000
0000000000000000
0000011111110111
0000100000011110
0010011101111001
0000100000000100
0000100000101011
0000000000000000
0000100100011110
0000101101010001
0000000000000000
0000100000010001
0000011111111110
0010011101111001
0000100000001111
0000011111111101
0000000000000000
0000100100010001
0000101100000001
0000000000000000
0000100000000110
0000100000010101
0010011101111001
0000011111111101
0000100000001100
0000000000000000
0000100100000111
0000101100010111
0000000000000000
0000100000000110
0000011111101011
0010011101111001
0000100000001100
0000011111101111
0000000000000000
0000100100001101
0000101011101100
0000000000000000
0000011111111110
0000100000001110
0010011101111001
0000011111110110
0000100000001000
0000000000000000
0000100011110100
0000101100001011
0000000000000000
0000011111111011
0000011111110111
0010011101111001
0000100000000101
0000100000000000
0000000000000000
0000100100001000
0000101100010001
0000000000000000
0000011111101110
0000011111111000
0010011101111001
0000011111101100
0000011111110010
0000000000000000
0000100011011111
0000101011100010
0000000000000000
0000100000000101
0000100000001000
0010011101111001
0000011111110110
0000011111110101
0000000000000000
0000100011101110
0000101011011111
0000000000000000
0000100000000110
0000100000001011
0010011101111001
0000100000000100
0000011111111001
0000000000000000
0000100100001011
0000101011110010
0000000000000000
0000100000010000
0000100000011110
0010011101111001
0000100000001110
0000100000010111
0000000000000000
0000100100010100
0000101100010100
0000000000000000
0000100000010011
0000100000001000
0010011101111001
0000011111110011
0000011111101010
0000000000000000
0000100011100001
0000101011001010
0000000000000000
0000100000101011
0000100001001001
0010011101111001
0000100000110110
0000100001001111
0000000000000000
0000100100111100
0000101101100110
0000000000000000
0000100001100010
0000100001011010
0010011101111001
0000100001100010
0000100001100010
0000000000000000
0000100101100000
0000101101110010
0000000000000000
0000100001001000
0000100000110010
0010011101111001
0000100001000100
0000100000100001
0000000000000000
0000100101001100
0000101100100110
0000000000000000
0000100000010100
0000100000100011
0010011101111001
0000100000010001
0000100000011110
0000000000000000
0000100100010111
0000101100100001
0000000000000000
0000100000011111
0000100000010011
0010011101111001
0000100000010110
0000100000010110
0000000000000000
0000100100000000
0000101100010000
0000000000000000
0000100000010100
0000100000011111
0010011101111001
0000100000001111
0000100000011000
0000000000000000
0000100100010001
0000101100001111
0000000000000000
0000100000100110
0000100000101110
0010011101111001
0000100000010101
0000100000010111
0000000000000000
0000100100011001
0000101100001000
0000000000000000
0000100000001010
0000011111110100
0010011101111001
0000100000001111
0000011111110110
0000000000000000
0000100100011011
0000101100000001
0000000000000000
0000100000010110
0000100000010101
0010011101111001
0000100000001001
0000100000000101
0000000000000000
0000100011111111
0000101011111000
0000000000000000
0000011111110011
0000011111011110
0010011101111001
0000011111101111
0000011111100001
0000000000000000
0000100011110001
0000101011011010
0000000000000000
0000100000000001
0000100000000111
0010011101111001
0000100000000001
0000011111110111
0000000000000000
0000100011111011
0000101011101000
0000000000000000
0000100000000010
0000100000010100
0010011101111001
0000011111101001
0000100000000011
0000000000000000
0000100011010010
0000101011101010
0000000000000000
0000011111011101
0000011111011001
0010011101111001
0000011111110010
0000011111100000
0000000000000000
0000100100001110
0000101011100111
0000000000000000
0000011111110001
0000011111111110
0010011101111001
0000011111110011
0000011111111001
0000000000000000
0000100011110011
0000101011101100
0000000000000000
0000100000001001
0000100000000000
0010011101111001
0000100000000100
0000011111110111
0000000000000000
0000100100000101
0000101011101010
0000000000000000
0000100000001111
0000100000000000
0010011101111001
0000100000001001
0000100000001000
0000000000000000
0000100011111110
0000101100001011
0000000000000000
0000011111110111
0000011111110010
0010011101111001
0000100000010100
0000100000010010
0000000000000000
0000100100010100
0000101100101110
0000000000000000
0000100001000011
0000100001011000
0010011101111001
0000100001001001
0000100001011111
0000000000000000
0000100101001011
0000101110000101
0000000000000000
0000100000111101
0000100000111110
0010011101111001
0000100000111000
0000100000111000
0000000000000000
0000100101000001
0000101101001000
0000000000000000
0000100001000110
0000100000111001
0010011101111001
0000100000110001
0000100000101101
0000000000000000
0000100100011000
0000101100100000
0000000000000000
0000100000010111
0000100000001101
0010011101111001
0000100000001000
0000100000000010
0000000000000000
0000100011111110
0000101011111100
0000000000000000
0000011111111010
0000100000000111
0010011101111001
0000100000000001
0000100000001010
0000000000000000
0000100011111111
0000101100001000
0000000000000000
0000100000011000
0000100000010000
0010011101111001
0000100000001101
0000100000001001
0000000000000000
0000100011111010
0000101011110111
0000000000000000
0000100000100001
0000100000100101
0010011101111001
0000100000100100
0000100000101100
0000000000000000
0000100100101011
0000101100111010
0000000000000000
0000100000100101
0000100000011110
0010011101111001
0000100000100110
0000100000011110
0000000000000000
0000100100011001
0000101100100110
0000000000000000
0000011111110111
0000011111111101
0010011101111001
0000011111111000
0000100000001000
0000000000000000
0000100011111011
0000101100010111
0000000000000000
0000011111111111
0000011111110000
0010011101111001
0000100000001011
0000100000000101
0000000000000000
0000100100000110
0000101100010101
0000000000000000
0000011111101011
0000011111100110
0010011101111001
0000011111101000
0000011111101101
0000000000000000
0000100011101101
0000101011100100
0000000000000000
0000011111010111
0000011111011010
0010011101111001
0000011111110010
0000011111100101
0000000000000000
0000100100000100
0000101011110000
0000000000000000
0000100000010100
0000100000011101
0010011101111001
0000011111110011
0000011111110110
0000000000000000
0000100011100010
0000101011001100
0000000000000000
0000011111110101
0000011111101101
0010011101111001
0000011111110101
0000100000000011
0000000000000000
0000100011111000
0000101100001110
0000000000000000
0000100000001100
0000011111110110
0010011101111001
0000100000001010
0000011111101110
0000000000000000
0000100011111110
0000101011100100
0000000000000000
0000011111110000
0000100000000010
0010011101111001
0000011111101101
0000100000000011
0000000000000000
0000100011110011
0000101100001001
0000000000000000
0000100000000100
0000100000010011
0010011101111001
0000100000000101
0000100000001010
0000000000000000
0000100100000010
0000101100000101
0000000000000000
0000100000111000
0000100001000001
0010011101111001
0000100000100100
0000100000100011
0000000000000000
0000100100011000
0000101100011000
0000000000000000
0000100000111001
0000100000100111
0010011101111001
0000100000111101
0000100000101101
0000000000000000
0000100101000001
0000101101001100
0000000000000000
0000100000001110
0000100000001001
0010011101111001
0000100000001110
0000100000001001
0000000000000000
0000100100001111
0000101100010101
0000000000000000
0000100000000000
0000100000010011
0010011101111001
0000011111110101
0000100000010110
0000000000000000
0000100011011011
0000101100001111
0000000000000000
0000100000000111
0000011111110010
0010011101111001
0000100000001110
0000011111111110
0000000000000000
0000100100010010
0000101100001011
0000000000000000
0000011111101110
0000011111110111
0010011101111001
0000011111111110
0000011111111011
0000000000000000
0000100100010000
0000101100000110
0000000000000000
0000100000010101
0000100000100010
0010011101111001
0000011111110011
0000100000010100
0000000000000000
0000100011100001
0000101100010010
0000000000000000
0000100000010001
0000100000010001
0010011101111001
0000100000100111
0000100000101100
0000000000000000
0000100101000010
0000101101001111
0000000000000000
0000100000000101
0000100000000000
0010011101111001
0000100000011110
0000011111111001
0000000000000000
0000100101000011
0000101100001001
0000000000000000
0000011111011111
0000011111100111
0010011101111001
0000011111011000
0000011111101101
0000000000000000
0000100011100011
0000101011110010
0000000000000000
0000100000001101
0000100000001100
0010011101111001
0000100000100011
0000100000100011
0000000000000000
0000100100111000
0000101101000101
0000000000000000
0000100000000010
0000100000000000
0010011101111001
0000011111110010
0000011111101111
0000000000000000
0000100011100011
0000101011011100
0000000000000000
0000011111110110
0000011111110000
0010011101111001
0000100000000011
0000011111111010
0000000000000000
0000100100000100
0000101011110010
0000000000000000
0000011111111100
0000011111110101
0010011101111001
0000011111111011
0000011111110101
0000000000000000
0000100011101111
0000101011110110
0000000000000000
0000011111100001
0000011111101110
0010011101111001
0000011111100010
0000011111111100
0000000000000000
0000100011011111
0000101100000010
0000000000000000
0000100000011000
0000100000001101
0010011101111001
0000100000100100
0000100000001000
0000000000000000
0000100100100101
0000101100001010
0000000000000000
0000011111111010
0000011111101101
0010011101111001
0000011111111010
0000011111101010
0000000000000000
0000100011111101
0000101011100001
0000000000000000
0000100000001010
0000100000000111
0010011101111001
0000011111100111
0000011111100001
0000000000000000
0000100011000011
0000101010101101
0000000000000000
0000100000011100
0000100000011000
0010011101111001
0000011111110101
0000011111110110
0000000000000000
0000100011100010
0000101011100011
0000000000000000
0000100000000110
0000100000001001
0010011101111001
0000011111011101
0000011111111010
0000000000000000
0000100010111010
0000101011010110
0000000000000000
0000011111110010
0000100000001010
0010011101111001
0000100000001001
0000100000001100
0000000000000000
0000100100001001
0000101100000010
0000000000000000
0000100000010010
0000100000010010
0010011101111001
0000100000000110
0000100000001111
0000000000000000
0000100011110001
0000101100000011
0000000000000000
0000100000011010
0000100000000010
0010011101111001
0000100000010011
0000100000000101
0000000000000000
0000100100001111
0000101100001100
0000000000000000
0000100000000000
0000100000100000
0010011101111001
0000100000001111
0000100000100001
0000000000000000
0000100100010011
0000101100101001
0000000000000000
0000100000111011
0000100000111100
0010011101111001
0000100000110001
0000100000110011
0000000000000000
0000100100111001
0000101101000110
0000000000000000
0000100000111101
0000100000011001
0010011101111001
0000100000111011
0000100000101100
0000000000000000
0000100101001010
0000101101001100
0000000000000000
0000100000000001
0000100000010111
0010011101111001
0000100000000011
0000100000010001
0000000000000000
0000100100000001
0000101100000101
0000000000000000
0000100000110111
0000100000011110
0010011101111001
0000100000010110
0000100000001110
0000000000000000
0000100100001001
0000101100000101
0000000000000000
0000011111110000
0000100000000000
0010011101111001
0000100000000010
0000011111111011
0000000000000000
0000100100001000
0000101011101100
0000000000000000
0000100000001001
0000100000000010
0010011101111001
0000100000100000
0000100000100010
0000000000000000
0000100100100011
0000101100111000
0000000000000000
0000011111110011
0000011111111110
0010011101111001
0000011111110110
0000011111111101
0000000000000000
0000100011110110
0000101011101111
0000000000000000
0000011111101011
0000011111101111
0010011101111001
0000011111110111
0000011111101111
0000000000000000
0000100011111100
0000101011111000
0000000000000000
0000100000000011
0000100000000010
0010011101111001
0000100000000001
0000100000010000
0000000000000000
0000100100000000
0000101100101001
0000000000000000
0000011111111110
0000011111011010
0010011101111001
0000011111111001
0000011111100100
0000000000000000
0000100011101001
0000101011010110
0000000000000000
0000011110011001
0000011110100100
0010011101111001
0000011101110000
0000011110001000
0000000000000000
0000100001000110
0000101000111010
0000000000000000
0000011111011100
0000011111100001
0010011101111001
0000011110111111
0000011111001010
0000000000000000
0000100010001001
0000101010010011
0000000000000000
0000011111010001
0000011111100000
0010011101111001
0000011111001101
0000011111011001
0000000000000000
0000100010110000
0000101011000011
0000000000000000
0000011111101100
0000011111101101
0010011101111001
0000011111100000
0000011111101001
0000000000000000
0000100011001111
0000101011010001
0000000000000000
0000011111100001
0000011111100001
0010011101111001
0000011111100001
0000011111011100
0000000000000000
0000100011010110
0000101011010101
0000000000000000
0000100000001100
0000100000001001
0010011101111001
0000011111111010
0000011111111110
0000000000000000
0000100011100010
0000101011110100
0000000000000000
0000100000011011
0000100000111010
0010011101111001
0000100000100000
0000100000111111
0000000000000000
0000100100100100
0000101101001110
0000000000000000
0000100001000010
0000100000110000
0010011101111001
0000100001001010
0000100000111000
0000000000000000
0000100101010110
0000101101010011
0000000000000000
0000100001000110
0000100000111100
0010011101111001
0000100001001010
0000100001001101
0000000000000000
0000100101001101
0000101101110101
0000000000000000
0000100000011100
0000100000011111
0010011101111001
0000100000110110
0000100000110100
0000000000000000
0000100101001000
0000101101010001
0000000000000000
0000100000000010
0000011111100111
0010011101111001
0000100000001000
0000011111100111
0000000000000000
0000100100001010
0000101011100001
0000000000000000
0000011111110011
0000011111110000
0010011101111001
0000100000000101
0000011111111101
0000000000000000
0000100100100010
0000101100011011
0000000000000000
0000100000000011
0000011111110110
0010011101111001
0000011111110010
0000011111110101
0000000000000000
0000100011101110
0000101011111111
0000000000000000
0000011111110010
0000011111110010
0010011101111001
0000011111110111
0000100000000000
0000000000000000
0000100100000001
0000101100001110
0000000000000000
0000011111111111
0000100000001100
0010011101111001
0000100000000011
0000100000010010
0000000000000000
0000100100000010
0000101100101001
0000000000000000
0000011111111001
0000100000000101
0010011101111001
0000011111101010
0000011111101011
0000000000000000
0000100011100011
0000101011010100
0000000000000000
0000011111100100
0000011111011101
0010011101111001
0000011111101111
0000011111110000
0000000000000000
0000100011111101
0000101100000110
0000000000000000
0000011110001011
0000011101110001
0010011101111001
0000100000101110
0000011111010111
0000000000000000
0000101001101110
0000101110010111
0000000000000000
0000011101100101
0000011101111000
0010011101111001
0000011101101001
0000011101011001
0000000000000000
0000100011010101
0000101000110110
0000000000000000
0000011110010111
0000011111001110
0010011101111001
0000011101010011
0000011110001111
0000000000000000
0000100000100101
0000101000100011
0000000000000000
0000011110111001
0000011110111111
0010011101111001
0000011110011101
0000011110100101
0000000000000000
0000100001111110
0000101001100101
0000000000000000
0000011111010010
0000011111011100
0010011101111001
0000011111000111
0000011111000101
0000000000000000
0000100010100000
0000101010001111
0000000000000000
0000011111010101
0000011111101110
0010011101111001
0000011111000010
0000011111010110
0000000000000000
0000100010100100
0000101010011111
0000000000000000
0000100000101000
0000100001000001
0010011101111001
0000100000010101
0000100000101100
0000000000000000
0000100011111010
0000101100011011
0000000000000000
0000100001000111
0000100000111011
0010011101111001
0000100000110111
0000100001000000
0000000000000000
0000100100100100
0000101101010101
0000000000000000
0000100000110110
0000100001000000
0010011101111001
0000100000110001
0000100000101011
0000000000000000
0000100100100101
0000101100101001
0000000000000000
0000100000111000
0000100000110101
0010011101111001
0000100000100111
0000100000101000
0000000000000000
0000100100100001
0000101100011100
0000000000000000
0000011111111111
0000011111101011
0010011101111001
0000100000000110
0000011111101100
0000000000000000
0000100100010001
0000101011100001
0000000000000000
0000100000100010
0000100000010110
0010011101111001
0000100000010010
0000100000010000
0000000000000000
0000100100001010
0000101100010111
0000000000000000
0000011111101100
0000011111110111
0010011101111001
0000011111100010
0000011111100011
0000000000000000
0000100011100000
0000101011010010
0000000000000000
0000100000000100
0000011111110111
0010011101111001
0000011111111100
0000011111110101
0000000000000000
0000100100001010
0000101100000011
0000000000000000
0000011111110110
0000100000000000
0010011101111001
0000011111100111
0000011111110001
0000000000000000
0000100011011010
0000101011100110
0000000000000000
0000011111110010
0000011111100111
0010011101111001
0000011111111110
0000011111110100
0000000000000000
0000100011111011
0000101011111000
0000000000000000
0000011111111101
0000011111111100
0010011101111001
0000011111101110
0000011111100010
0000000000000000
0000100011101011
0000101011001111
