00x00xxx0xxxx00x
0000101000101000
0000101000101000
0010011101111001
0000101000101000
0000101000101000
0000000000000000
0000101101101011
0000110111111001
0000000000000000
0000101000001000
0000100111111000
0010011101111001
0000101000001000
0000100111111000
0000000000000000
0000101101010001
0000110110101011
0000000000000000
0000101000101000
0000101000101000
0010011101111001
0000101000101000
0000101000101000
0000000000000000
0000101101101001
0000110111111011
0000000000000000
0000101000010000
0000100111101100
0010011101111001
0000101000010000
0000100111101100
0000000000000000
0000101101010101
0000110110110100
0000000000000000
0000100111111000
0000100111101100
0010011101111001
0000100111111000
0000100111101100
0000000000000000
0000101100110111
0000110110110100
0000000000000000
0000100110111000
0000100111010000
0010011101111001
0000100110111000
0000100111010000
0000000000000000
0000101011101111
0000110101101111
0000000000000000
0000100111100100
0000100110110100
0010011101111001
0000100111100100
0000100110110100
0000000000000000
0000101100101010
0000110101011010
0000000000000000
0000100110101000
0000100110110000
0010011101111001
0000100110101000
0000100110110000
0000000000000000
0000101011011001
0000110101010001
0000000000000000
0000100110110100
0000100110100000
0010011101111001
0000100110110100
0000100110100000
0000000000000000
0000101011101100
0000110101000101
0000000000000000
0000100110101000
0000100110101100
0010011101111001
0000100110101000
0000100110101100
0000000000000000
0000101011011101
0000110101001110
0000000000000000
0000100110101000
0000100110101100
0010011101111001
0000100110101000
0000100110101100
0000000000000000
0000101011011111
0000110101000100
0000000000000000
0000100111001000
0000100111100100
0010011101111001
0000100111001000
0000100111100100
0000000000000000
0000101011111001
0000110110010100
0000000000000000
0000101000011100
0000101000100000
0010011101111001
0000101000011100
0000101000100000
0000000000000000
0000101101100110
0000110111100001
0000000000000000
0000101001010100
0000101001010000
0010011101111001
0000101001010100
0000101001010000
0000000000000000
0000101110100000
0000111000101001
0000000000000000
0000101010010100
0000101010110100
0010011101111001
0000101010010100
0000101010110100
0000000000000000
0000101111100100
0000111010101100
0000000000000000
0000101010111000
0000101010100100
0010011101111001
0000101010111000
0000101010100100
0000000000000000
0000110000010011
0000111010011110
0000000000000000
0000101010010100
0000101010010100
0010011101111001
0000101010010100
0000101010010100
0000000000000000
0000101111101010
0000111001111110
0000000000000000
0000101000101000
0000101000011000
0010011101111001
0000101000100001
0000101000000001
0000000000000000
0000101101010111
0000110110111111
0000000000000000
0000101000000011
0000100111111001
0010011101111001
0000100111111100
0000100111111110
0000000000000000
0000101100110011
0000110111000010
0000000000000000
0000101000011010
0000101000011010
0010011101111001
0000100111110111
0000100111111101
0000000000000000
0000101100011000
0000110110011110
0000000000000000
0000101000000000
0000100111100011
0010011101111001
0000100111100111
0000100111011000
0000000000000000
0000101100011111
0000110110010011
0000000000000000
0000100111100011
0000100111011011
0010011101111001
0000100110111010
0000100110110111
0000000000000000
0000101011010011
0000110101000011
0000000000000000
0000100110110110
0000100111001000
0010011101111001
0000100110101110
0000100110111110
0000000000000000
0000101011010111
0000110101101001
0000000000000000
0000100111010011
0000100110101010
0010011101111001
0000100110110011
0000100110011110
0000000000000000
0000101011011010
0000110100111100
0000000000000000
0000100110011100
0000100110100100
0010011101111001
0000100110001010
0000100110010010
0000000000000000
0000101010110101
0000110100010011
0000000000000000
0000100110110100
0000100110100000
0010011101111001
0000100110101110
0000100110011101
0000000000000000
0000101011011100
0000110100110001
0000000000000000
0000100110101000
0000100110100110
0010011101111001
0000100110011010
0000100110001111
0000000000000000
0000101010111100
0000110100000110
0000000000000000
0000100110101101
0000100110101111
0010011101111001
0000100110111101
0000100110111100
0000000000000000
0000101011110110
0000110101110011
0000000000000000
0000100110110111
0000100111010000
0010011101111001
0000100110011101
0000100110110010
0000000000000000
0000101011000100
0000110100110101
0000000000000000
0000101000010011
0000101000011110
0010011101111001
0000101000000010
0000101000011110
0000000000000000
0000101100110000
0000110111011110
0000000000000000
0000101001010001
0000101001010111
0010011101111001
0000101001010011
0000101001100101
0000000000000000
0000101110011111
0000111001001101
0000000000000000
0000101010010101
0000101010110010
0010011101111001
0000101010010111
0000101010101011
0000000000000000
0000101111100101
0000111010011100
0000000000000000
0000101010111011
0000101010100101
0010011101111001
0000101010111011
0000101010101101
0000000000000000
0000110000010001
0000111010111000
0000000000000000
0000101010011110
0000101010010111
0010011101111001
0000101010101100
0000101010010111
0000000000000000
0000110000001000
0000111010010000
0000000000000000
0000100111011011
0000100111010111
0010011101111001
0000100110111001
0000100111000110
0000000000000000
0000101011100010
0000110101101010
0000000000000000
0000100111101010
0000100111101100
0010011101111001
0000100111011100
0000100111011000
0000000000000000
0000101100001000
0000110101110110
0000000000000000
0000100111010111
0000100111110001
0010011101111001
0000100111011110
0000100111110100
0000000000000000
0000101100000110
0000110110101111
0000000000000000
0000100111101110
0000100111011010
0010011101111001
0000100111010111
0000100111010100
0000000000000000
0000101011111111
0000110101111101
0000000000000000
0000100110011001
0000100110011001
0010011101111001
0000100110101010
0000100110101010
0000000000000000
0000101011101111
0000110101010111
0000000000000000
0000100110100001
0000100110110101
0010011101111001
0000100110101011
0000100110110110
0000000000000000
0000101011100010
0000110101010000
0000000000000000
0000100110110001
0000100110100011
0010011101111001
0000100110111100
0000100110101010
0000000000000000
0000101011110001
0000110101010111
0000000000000000
0000100110001001
0000100110001110
0010011101111001
0000100110010111
0000100110010101
0000000000000000
0000101011011011
0000110100101100
0000000000000000
0000100110011110
0000100110010000
0010011101111001
0000100110011110
0000100110010000
0000000000000000
0000101011001010
0000110100100001
0000000000000000
0000100101111100
0000100101111110
0010011101111001
0000100110000100
0000100110000110
0000000000000000
0000101011000001
0000110100001111
0000000000000000
0000100110101010
0000100110101111
0010011101111001
0000100110100110
0000100110011001
0000000000000000
0000101011010111
0000110100100111
0000000000000000
0000100110001110
0000100110101001
0010011101111001
0000100110011001
0000100111001011
0000000000000000
0000101011011011
0000110110010111
0000000000000000
0000100111111101
0000101000101001
0010011101111001
0000101000010000
0000101000111000
0000000000000000
0000101101010010
0000111000001110
0000000000000000
0000101001100101
0000101001111010
0010011101111001
0000101001101110
0000101010000110
0000000000000000
0000101110111101
0000111001101101
0000000000000000
0000101010010110
0000101010101101
0010011101111001
0000101010001101
0000101010011001
0000000000000000
0000101111010010
0000111001111011
0000000000000000
0000101010101010
0000101010101100
0010011101111001
0000101010011110
0000101010100111
0000000000000000
0000101111101001
0000111010100100
0000000000000000
0000101010011011
0000101010000110
0010011101111001
0000101010000110
0000101001111011
0000000000000000
0000101111001011
0000111001011110
0000000000000000
0000100110110000
0000100111000001
0010011101111001
0000100110111101
0000100111000011
0000000000000000
0000101100000001
0000110101101011
0000000000000000
0000100111000011
0000100110101010
0010011101111001
0000100111000100
0000100110101100
0000000000000000
0000101011111101
0000110101010010
0000000000000000
0000100110100000
0000100111000000
0010011101111001
0000100110010111
0000100110111100
0000000000000000
0000101011011001
0000110101101100
0000000000000000
0000100111000101
0000100111000101
0010011101111001
0000100111000110
0000100111000001
0000000000000000
0000101011110100
0000110101100011
0000000000000000
0000100110111010
0000100110110111
0010011101111001
0000100110101110
0000100110110111
0000000000000000
0000101011011011
0000110101010110
0000000000000000
0000100110110011
0000100110111101
0010011101111001
0000100110111010
0000100111001100
0000000000000000
0000101011111000
0000110101110100
0000000000000000
0000100110101111
0000100110111100
0010011101111001
0000100110110100
0000100110110110
0000000000000000
0000101011100101
0000110101010000
0000000000000000
0000100110101100
0000100110011011
0010011101111001
0000100110110100
0000100110101000
0000000000000000
0000101011101011
0000110101001111
0000000000000000
0000100110000010
0000100110001111
0010011101111001
0000100110000010
0000100110001011
0000000000000000
0000101011000000
0000110100011110
0000000000000000
0000100110101001
0000100110011011
0010011101111001
0000100110100111
0000100110011101
0000000000000000
0000101011010011
0000110100110101
0000000000000000
0000100110001011
0000100110010100
0010011101111001
0000100110001011
0000100110100010
0000000000000000
0000101011001010
0000110101000010
0000000000000000
0000100110111101
0000100111101000
0010011101111001
0000100111011001
0000100111111000
0000000000000000
0000101100110001
0000110111001100
0000000000000000
0000101000010111
0000101000110100
0010011101111001
0000101000100001
0000101000111111
0000000000000000
0000101101110011
0000111000011110
0000000000000000
0000101001100011
0000101001101000
0010011101111001
0000101001100111
0000101001101110
0000000000000000
0000101110111100
0000111001010111
0000000000000000
0000101010000110
0000101010010111
0010011101111001
0000101010001011
0000101010001100
0000000000000000
0000101111011100
0000111001110001
0000000000000000
0000101010010010
0000101010000010
0010011101111001
0000101010000101
0000101010000101
0000000000000000
0000101110111110
0000111001110011
0000000000000000
0000101001110101
0000101001011110
0010011101111001
0000101001110101
0000101001011010
0000000000000000
0000101111000100
0000111001000010
0000000000000000
0000100111010001
0000100111001110
0010011101111001
0000100111010111
0000100111010100
0000000000000000
0000101100010100
0000110110001100
0000000000000000
0000100111000111
0000100111000111
0010011101111001
0000100110111110
0000100111001010
0000000000000000
0000101011101100
0000110101110000
0000000000000000
0000100111000001
0000100111000101
0010011101111001
0000100110110001
0000100110110111
0000000000000000
0000101011011011
0000110101001111
0000000000000000
0000100110101001
0000100110111000
0010011101111001
0000100110100110
0000100110111110
0000000000000000
0000101011011100
0000110101101001
0000000000000000
0000100110101000
0000100110101111
0010011101111001
0000100110110101
0000100110101111
0000000000000000
0000101011110111
0000110101010001
0000000000000000
0000100111001000
0000100111000100
0010011101111001
0000100110111100
0000100111000001
0000000000000000
0000101011011110
0000110101100100
0000000000000000
0000100110101010
0000100110110101
0010011101111001
0000100110100110
0000100110101000
0000000000000000
0000101011110001
0000110101000110
0000000000000000
0000100110101010
0000100110011111
0010011101111001
0000100110100011
0000100110011000
0000000000000000
0000101011011010
0000110100110110
0000000000000000
0000100110011110
0000100110010111
0010011101111001
0000100110011000
0000100110010101
0000000000000000
0000101010111001
0000110100100011
0000000000000000
0000100110100010
0000100110101000
0010011101111001
0000100110011111
0000100110101100
0000000000000000
0000101011000111
0000110101000011
0000000000000000
0000100110110100
0000100111001101
0010011101111001
0000100111010000
0000100111101101
0000000000000000
0000101100101000
0000110111000001
0000000000000000
0000101000010110
0000101000111010
0010011101111001
0000101000100011
0000101001000111
0000000000000000
0000101101101111
0000111000100001
0000000000000000
0000101001001101
0000101001100010
0010011101111001
0000101001011100
0000101001101000
0000000000000000
0000101110100101
0000111001010010
0000000000000000
0000101001110011
0000101001101000
0010011101111001
0000101001110011
0000101001110001
0000000000000000
0000101110111101
0000111001101001
0000000000000000
0000101010000101
0000101010000101
0010011101111001
0000101001110001
0000101001110001
0000000000000000
0000101110101100
0000111000110100
0000000000000000
0000101001100011
0000101001100100
0010011101111001
0000101001100110
0000101001011110
0000000000000000
0000101110110011
0000111000111100
0000000000000000
0000101001010111
0000101000111110
0010011101111001
0000101000111101
0000101000101010
0000000000000000
0000101101111010
0000110111101100
0000000000000000
0000100111001001
0000100111000100
0010011101111001
0000100111000110
0000100111000001
0000000000000000
0000101011111100
0000110101101110
0000000000000000
0000100111000010
0000100110110111
0010011101111001
0000100111000100
0000100110101101
0000000000000000
0000101011111110
0000110101011010
0000000000000000
0000100110011011
0000100110101101
0010011101111001
0000100110011000
0000100110110101
0000000000000000
0000101011001111
0000110101011010
0000000000000000
0000100110110100
0000100110111000
0010011101111001
0000100110111001
0000100110110001
0000000000000000
0000101011110110
0000110101010011
0000000000000000
0000100111000010
0000100110110011
0010011101111001
0000100111001001
0000100111000011
0000000000000000
0000101100000100
0000110101111011
0000000000000000
0000100110100100
0000100110100100
0010011101111001
0000100110101100
0000100110101000
0000000000000000
0000101011111011
0000110101011110
0000000000000000
0000100111001110
0000100111000100
0010011101111001
0000100111001110
0000100110111101
0000000000000000
0000101100000110
0000110101100010
0000000000000000
0000100110101010
0000100110101001
0010011101111001
0000100110101000
0000100110110011
0000000000000000
0000101011011100
0000110101011011
0000000000000000
0000100101110100
0000100110000100
0010011101111001
0000100110000100
0000100110010010
0000000000000000
0000101011000101
0000110100111001
0000000000000000
0000100110011110
0000100111011100
0010011101111001
0000100110111010
0000100111101110
0000000000000000
0000101100000101
0000110110100011
0000000000000000
0000101000000111
0000101000010001
0010011101111001
0000101000001101
0000101000011111
0000000000000000
0000101101010010
0000110111110101
0000000000000000
0000101001000000
0000101001011001
0010011101111001
0000101001011000
0000101001100100
0000000000000000
0000101110100010
0000111001001000
0000000000000000
0000101001010001
0000101001001101
0010011101111001
0000101001001010
0000101001000101
0000000000000000
0000101110001000
0000111000011001
0000000000000000
0000101001011110
0000101001101111
0010011101111001
0000101001010011
0000101001011100
0000000000000000
0000101110011010
0000111000111000
0000000000000000
0000101001001101
0000101001000101
0010011101111001
0000101001000101
0000101001000111
0000000000000000
0000101110010001
0000111000100010
0000000000000000
0000101001010111
0000101001010001
0010011101111001
0000101000111011
0000101000111001
0000000000000000
0000101101101010
0000110111110011
0000000000000000
0000101000110011
0000101000010111
0010011101111001
0000101000101100
0000101000001111
0000000000000000
0000101101110110
0000110111010101
0000000000000000
0000100110101110
0000100110110111
0010011101111001
0000100110101011
0000100110110110
0000000000000000
0000101011110010
0000110101010101
0000000000000000
0000100111001011
0000100111001101
0010011101111001
0000100111000110
0000100111000010
0000000000000000
0000101011110011
0000110101011010
0000000000000000
0000100110101111
0000100110111110
0010011101111001
0000100110110110
0000100110111110
0000000000000000
0000101011110000
0000110101101000
0000000000000000
0000100111000011
0000100110111111
0010011101111001
0000100111000101
0000100111001001
0000000000000000
0000101011101100
0000110101110001
0000000000000000
0000100111001101
0000100111011110
0010011101111001
0000100111001100
0000100111011000
0000000000000000
0000101100001001
0000110101110110
0000000000000000
0000100111100100
0000100111100010
0010011101111001
0000100111100011
0000100111100000
0000000000000000
0000101100010101
0000110110010010
0000000000000000
0000100111000111
0000100110110000
0010011101111001
0000100111000000
0000100110101011
0000000000000000
0000101011111111
0000110101001111
0000000000000000
0000100111000010
0000100111001100
0010011101111001
0000100110111100
0000100110111101
0000000000000000
0000101011100010
0000110101001011
0000000000000000
0000100110010101
0000100110100011
0010011101111001
0000100110010101
0000100110100111
0000000000000000
0000101011001101
0000110100111111
0000000000000000
0000100111010010
0000100111011001
0010011101111001
0000100111011010
0000100111011101
0000000000000000
0000101100011101
0000110110010101
0000000000000000
0000101000010001
0000101000100111
0010011101111001
0000101000011111
0000101000110010
0000000000000000
0000101101110011
0000111000011010
0000000000000000
0000101001000110
0000101001000100
0010011101111001
0000101001001000
0000101001000111
0000000000000000
0000101110010111
0000111000101101
0000000000000000
0000101000110100
0000101001001111
0010011101111001
0000101000101100
0000101001001000
0000000000000000
0000101101101111
0000111000001000
0000000000000000
0000101001010000
0000101001001011
0010011101111001
0000101001000110
0000101000110110
0000000000000000
0000101110001000
0000110111111111
0000000000000000
0000101001000100
0000101001001101
0010011101111001
0000101000101111
0000101000110101
0000000000000000
0000101101101110
0000110111110011
0000000000000000
0000101000010011
0000101000010000
0010011101111001
0000101000010000
0000100111111001
0000000000000000
0000101101010100
0000110110101011
0000000000000000
0000101000110100
0000101000011010
0010011101111001
0000101000011110
0000101000010110
0000000000000000
0000101101000010
0000110111010100
0000000000000000
0000100111001000
0000100110110111
0010011101111001
0000100111000101
0000100110110111
0000000000000000
0000101011101101
0000110101011011
0000000000000000
0000100110011011
0000100110011100
0010011101111001
0000100110010011
0000100110101000
0000000000000000
0000101011000000
0000110101010101
0000000000000000
0000100111000010
0000100111000110
0010011101111001
0000100111010010
0000100111011010
0000000000000000
0000101100010101
0000110110010010
0000000000000000
0000100110110000
0000100111001011
0010011101111001
0000100111000101
0000100111001111
0000000000000000
0000101100010110
0000110110000101
0000000000000000
0000100111010100
0000100111010001
0010011101111001
0000100111001111
0000100111010010
0000000000000000
0000101100001001
0000110101111001
0000000000000000
0000100111100111
0000100111101000
0010011101111001
0000100111101001
0000100111011111
0000000000000000
0000101100100100
0000110110010001
0000000000000000
0000100111001010
0000100111001000
0010011101111001
0000100111000010
0000100111001001
0000000000000000
0000101011110100
0000110101110110
0000000000000000
0000100110110100
0000100110011110
0010011101111001
0000100111001011
0000100110111000
0000000000000000
0000101100001011
0000110101110100
0000000000000000
0000100110100001
0000100110100110
0010011101111001
0000100110101110
0000100110110110
0000000000000000
0000101011111001
0000110101110001
0000000000000000
0000100111010010
0000100111100111
0010011101111001
0000100111100010
0000100111111010
0000000000000000
0000101100111000
0000110111000110
0000000000000000
0000101000111110
0000101001001110
0010011101111001
0000101001000111
0000101001010110
0000000000000000
0000101110011001
0000111000111101
0000000000000000
0000101001011111
0000101001100001
0010011101111001
0000101001100001
0000101001100001
0000000000000000
0000101110101000
0000111001000001
0000000000000000
0000101000110001
0000101000100010
0010011101111001
0000101001000010
0000101000100111
0000000000000000
0000101110010010
0000110111110110
0000000000000000
0000101000110100
0000101000110100
0010011101111001
0000101000110100
0000101000110000
0000000000000000
0000101101101111
0000110111110101
0000000000000000
0000101000110000
0000101000100101
0010011101111001
0000101000100111
0000101000100011
0000000000000000
0000101101100110
0000110111110001
0000000000000000
0000101000000111
0000100111110101
0010011101111001
0000100111110101
0000100111101110
0000000000000000
0000101100011000
0000110110010100
0000000000000000
0000100111101010
0000100111111011
0010011101111001
0000100111101101
0000101000000110
0000000000000000
0000101100101111
0000110111001010
0000000000000000
0000100110011001
0000100110011101
0010011101111001
0000100110011101
0000100110101001
0000000000000000
0000101011101100
0000110101011110
0000000000000000
0000100110011110
0000100110111100
0010011101111001
0000100110110011
0000100111000000
0000000000000000
0000101100000000
0000110101110100
0000000000000000
0000100111000101
0000100111011001
0010011101111001
0000100110111001
0000100111001111
0000000000000000
0000101011110101
0000110101111011
0000000000000000
0000100111101001
0000100111011011
0010011101111001
0000100111101000
0000100111100110
0000000000000000
0000101100011011
0000110110100100
0000000000000000
0000100111010110
0000100111001101
0010011101111001
0000100111011000
0000100111001011
0000000000000000
0000101100010001
0000110101110100
0000000000000000
0000100111011111
0000100111010101
0010011101111001
0000100111011010
0000100111010010
0000000000000000
0000101100011100
0000110110001010
0000000000000000
0000100111010101
0000100111010100
0010011101111001
0000100111101001
0000100111011000
0000000000000000
0000101100101110
0000110110001111
0000000000000000
0000100111001010
0000100111001001
0010011101111001
0000100111000101
0000100111001001
0000000000000000
0000101100001010
0000110101111110
0000000000000000
0000100111011111
0000100111111001
0010011101111001
0000100111100111
0000101000001001
0000000000000000
0000101100100111
0000110111000000
0000000000000000
0000101000010100
0000101000101100
0010011101111001
0000101000101001
0000101000111010
0000000000000000
0000101110000011
0000111000011101
0000000000000000
0000101001011010
0000101001100010
0010011101111001
0000101001011011
0000101001011111
0000000000000000
0000101110101001
0000111000111010
0000000000000000
0000101001010111
0000101001100010
0010011101111001
0000101001100001
0000101001011100
0000000000000000
0000101110110100
0000111000110011
0000000000000000
0000101001000111
0000101001000001
0010011101111001
0000101001001110
0000101001000101
0000000000000000
0000101110011001
0000111000100101
0000000000000000
0000101000010101
0000101000010110
0010011101111001
0000101000000110
0000101000000000
0000000000000000
0000101100111001
0000110110101110
0000000000000000
0000101000010000
0000101000000110
0010011101111001
0000101000000101
0000100111111001
0000000000000000
0000101100111100
0000110110110111
0000000000000000
0000100111010001
0000100111100010
0010011101111001
0000100111100001
0000100111101100
0000000000000000
0000101100100000
0000110110100011
0000000000000000
0000100111111110
0000100111111110
0010011101111001
0000101000000001
0000101000000111
0000000000000000
0000101100110111
0000110111001101
0000000000000000
0000100111010011
0000100111010010
0010011101111001
0000100111001010
0000100111010111
0000000000000000
0000101011111111
0000110110000001
0000000000000000
0000100111011101
0000100111010000
0010011101111001
0000100111100100
0000100111010111
0000000000000000
0000101100011111
0000110110010011
0000000000000000
0000100111001001
0000100111001011
0010011101111001
0000100111011011
0000100111011011
0000000000000000
0000101100011000
0000110110011101
0000000000000000
0000100111100001
0000100111110011
0010011101111001
0000100111100011
0000100111101100
0000000000000000
0000101100100000
0000110110011010
0000000000000000
0000100111011000
0000100111001010
0010011101111001
0000100111100011
0000100111011101
0000000000000000
0000101100101110
0000110110101011
0000000000000000
0000100111100010
0000100111100011
0010011101111001
0000100111011011
0000100111100101
0000000000000000
0000101100010111
0000110110100110
0000000000000000
0000100111101110
0000100111100000
0010011101111001
0000100111110000
0000100111101101
0000000000000000
0000101100101110
0000110110101101
0000000000000000
0000100111100101
0000100111100100
0010011101111001
0000100111111010
0000100111111011
0000000000000000
0000101101001100
0000110111010010
0000000000000000
0000101000001101
0000101000100111
0010011101111001
0000101000110010
0000101001000110
0000000000000000
0000101110001010
0000111000100110
0000000000000000
0000101001011000
0000101001100111
0010011101111001
0000101001100111
0000101001101001
0000000000000000
0000101110110110
0000111001000111
0000000000000000
0000101001101101
0000101001101110
0010011101111001
0000101001110000
0000101001101111
0000000000000000
0000101110111111
0000111001011000
0000000000000000
0000101001011100
0000101001001010
0010011101111001
0000101001010010
0000101001010011
0000000000000000
0000101110011101
0000111000110001
0000000000000000
0000101001001001
0000101000111101
0010011101111001
0000101001000111
0000101000110100
0000000000000000
0000101110010001
0000111000001111
0000000000000000
0000100111100101
0000100111010000
0010011101111001
0000100111101010
0000100111011101
0000000000000000
0000101100101011
0000110110010101
0000000000000000
0000100111110000
0000100111100000
0010011101111001
0000100111100110
0000100111010011
0000000000000000
0000101100011110
0000110110000100
0000000000000000
0000100111011011
0000100111101111
0010011101111001
0000100111010011
0000100111101110
0000000000000000
0000101100010001
0000110110100001
0000000000000000
0000101000000000
0000101000001100
0010011101111001
0000101000010000
0000101000011001
0000000000000000
0000101101011001
0000110111101100
0000000000000000
0000100111010101
0000100111011110
0010011101111001
0000100111001001
0000100111010101
0000000000000000
0000101100000010
0000110110000011
0000000000000000
0000100111011010
0000100111011110
0010011101111001
0000100111011001
0000100111011010
0000000000000000
0000101100010101
0000110110001101
0000000000000000
0000100111010000
0000100111011111
0010011101111001
0000100110111110
0000100111010011
0000000000000000
0000101011110000
0000110101111011
0000000000000000
0000100111011011
0000100111111001
0010011101111001
0000100111010010
0000100111100111
0000000000000000
0000101100001011
0000110110001100
0000000000000000
0000100111101111
0000100111011010
0010011101111001
0000100111101000
0000100111100011
0000000000000000
0000101100101010
0000110110110100
0000000000000000
0000100111101101
0000100111111111
0010011101111001
0000100111110011
0000101000000100
0000000000000000
0000101101000000
0000110111000101
0000000000000000
0000100111110101
0000100111110001
0010011101111001
0000101000000000
0000100111110011
0000000000000000
0000101101001011
0000110110110111
0000000000000000
0000101000011011
0000101000110011
0010011101111001
0000101000100101
0000101001000101
0000000000000000
0000101101110110
0000111000011101
0000000000000000
0000101001001111
0000101001011100
0010011101111001
0000101001011111
0000101001101111
0000000000000000
0000101110110111
0000111001100111
0000000000000000
0000101001101001
0000101001101001
0010011101111001
0000101001110110
0000101001110100
0000000000000000
0000101111000110
0000111001100110
0000000000000000
0000101010000010
0000101010000000
0010011101111001
0000101010000110
0000101001111100
0000000000000000
0000101111001000
0000111001100101
0000000000000000
0000101001100101
0000101001011100
0010011101111001
0000101001100000
0000101001100100
0000000000000000
0000101110011111
0000111001000101
0000000000000000
0000101000111000
0000101000010100
0010011101111001
0000101000110000
0000101000000110
0000000000000000
0000101101111001
0000110111000101
0000000000000000
0000100111100001
0000100111011010
0010011101111001
0000100111011110
0000100111011011
0000000000000000
0000101100011000
0000110110001111
0000000000000000
0000100111010110
0000100111001000
0010011101111001
0000100111011111
0000100111010111
0000000000000000
0000101100100010
0000110110010110
0000000000000000
0000100111011111
0000100111100101
0010011101111001
0000100111010101
0000100111100000
0000000000000000
0000101100000111
0000110110001010
0000000000000000
0000101000010010
0000101000010011
0010011101111001
0000101000001110
0000101000000110
0000000000000000
0000101101001101
0000110110111111
0000000000000000
0000100111101100
0000100111100101
0010011101111001
0000100111110100
0000100111011100
0000000000000000
0000101100110010
0000110110001000
0000000000000000
0000100111011001
0000100111001111
0010011101111001
0000100111011111
0000100111010110
0000000000000000
0000101100100010
0000110110010111
0000000000000000
0000100111010010
0000100111100010
0010011101111001
0000100111100001
0000100111100011
0000000000000000
0000101100100101
0000110110011011
0000000000000000
0000100111100010
0000100111101011
0010011101111001
0000100111110000
0000101000001011
0000000000000000
0000101101001110
0000110111100001
0000000000000000
0000101000000000
0000101000000111
0010011101111001
0000101000001111
0000101000001011
0000000000000000
0000101101010110
0000110111011010
0000000000000000
0000101000010000
0000101000000110
0010011101111001
0000101000011000
0000101000001101
0000000000000000
0000101101100101
0000110111100011
0000000000000000
0000101000100010
0000101000100110
0010011101111001
0000101000110100
0000101000111000
0000000000000000
0000101110000001
0000111000010010
0000000000000000
0000101001000010
0000101001001110
0010011101111001
0000101001010010
0000101001011110
0000000000000000
0000101110101100
0000111001001010
0000000000000000
0000101001101111
0000101001101000
0010011101111001
0000101001100101
0000101001100000
0000000000000000
0000101110101101
0000111001000011
0000000000000000
0000101001101011
0000101001101010
0010011101111001
0000101001100101
0000101001100110
0000000000000000
0000101110110100
0000111001001001
0000000000000000
0000101001100001
0000101001011011
0010011101111001
0000101001011110
0000101001010101
0000000000000000
0000101110101111
0000111000110011
0000000000000000
0000101001010011
0000101001100010
0010011101111001
0000101001010100
0000101001010011
0000000000000000
0000101110010101
0000111000101001
0000000000000000
0000101000101010
0000100111110101
0010011101111001
0000101000011101
0000101000000001
0000000000000000
0000101101001011
0000110111000110
0000000000000000
0000100111100001
0000100111101001
0010011101111001
0000100111010000
0000100111010111
0000000000000000
0000101011110111
0000110101101001
0000000000000000
0000100111011010
0000100111010001
0010011101111001
0000100111010000
0000100111001110
0000000000000000
0000101100010000
0000110101111100
0000000000000000
0000100111011011
0000100111100101
0010011101111001
0000100111100010
0000100111011011
0000000000000000
0000101100011111
0000110101111001
0000000000000000
0000101000000100
0000101000001000
0010011101111001
0000101000000011
0000101000001110
0000000000000000
0000101100111000
0000110111010010
0000000000000000
0000100111101101
0000100111100111
0010011101111001
0000101000000000
0000100111110110
0000000000000000
0000101101011110
0000110111001011
0000000000000000
0000100111101101
0000100111100100
0010011101111001
0000100111111010
0000100111100011
0000000000000000
0000101101000111
0000110110100100
0000000000000000
0000100111101111
0000101000011000
0010011101111001
0000100111100011
0000101000000011
0000000000000000
0000101100011110
0000110110100000
0000000000000000
0000101000111010
0000101000011100
0010011101111001
0000101000010010
0000101000000110
0000000000000000
0000101100110011
0000110110110100
0000000000000000
0000101000000011
0000101000010010
0010011101111001
0000100111111010
0000101000001001
0000000000000000
0000101100111101
0000110110111011
0000000000000000
0000101000101110
0000101000111111
0010011101111001
0000101000101101
0000101001000001
0000000000000000
0000101101111000
0000111000011100
0000000000000000
0000101001000110
0000101001011010
0010011101111001
0000101001010110
0000101001100101
0000000000000000
0000101110101101
0000111001001110
0000000000000000
0000101001110000
0000101001101011
0010011101111001
0000101001110001
0000101001100011
0000000000000000
0000101110111001
0000111000111000
0000000000000000
0000101001100111
0000101001101010
0010011101111001
0000101001010011
0000101001011001
0000000000000000
0000101110000110
0000111000011010
0000000000000000
0000101001100101
0000101001001010
0010011101111001
0000101001010110
0000101000110010
0000000000000000
0000101101111111
0000110111101101
0000000000000000
0000101001001111
0000101001000000
0010011101111001
0000101000110001
0000101000101100
0000000000000000
0000101101100111
0000110111110000
0000000000000000
0000101000101011
0000101000100001
0010011101111001
0000101000011110
0000101000001110
0000000000000000
0000101101101001
0000110111001110
0000000000000000
0000100111110111
0000100111110000
0010011101111001
0000100111111001
0000100111111001
0000000000000000
0000101100111100
0000110110110111
0000000000000000
0000100111000001
0000100111000100
0010011101111001
0000100111010010
0000100111001110
0000000000000000
0000101100010100
0000110110000001
0000000000000000
0000100111100010
0000100111101111
0010011101111001
0000100111100101
0000100111111010
0000000000000000
0000101100011101
0000110110110100
0000000000000000
0000100111101011
0000100111100001
0010011101111001
0000100111111011
0000100111110101
0000000000000000
0000101101000001
0000110110110101
0000000000000000
0000100111111100
0000101000000110
0010011101111001
0000101000000001
0000101000001011
0000000000000000
0000101100111111
0000110111001101
0000000000000000
0000101000101011
0000101000011010
0010011101111001
0000101000001011
0000100111111101
0000000000000000
0000101100110101
0000110110100101
0000000000000000
0000101000001101
0000100111111110
0010011101111001
0000101000000111
0000101000000000
0000000000000000
0000101101000000
0000110110111111
0000000000000000
0000100111110010
0000100111110010
0010011101111001
0000100111110001
0000100111100110
0000000000000000
0000101100110011
0000110110001001
0000000000000000
0000101000010010
0000101000010100
0010011101111001
0000101000010100
0000101000011010
0000000000000000
0000101101000011
0000110111011110
0000000000000000
0000101000010000
0000101000011111
0010011101111001
0000101000001110
0000101000101101
0000000000000000
0000101101001101
0000110111111111
0000000000000000
0000101001000010
0000101001010000
0010011101111001
0000101001010110
0000101001101000
0000000000000000
0000101110101111
0000111001100000
0000000000000000
0000101001111000
0000101001111101
0010011101111001
0000101010000001
0000101001111001
0000000000000000
0000101111010010
0000111001100011
0000000000000000
0000101001011000
0000101000111110
0010011101111001
0000101001000010
0000101000101010
0000000000000000
0000101101101110
0000110111011111
0000000000000000
0000101000110011
0000101000101010
0010011101111001
0000101000101100
0000101000011011
0000000000000000
0000101101011001
0000110111100011
0000000000000000
0000101000000101
0000101000001001
0010011101111001
0000100111101010
0000101000000001
0000000000000000
0000101100001100
0000110110101100
0000000000000000
0000101000011101
0000101000011010
0010011101111001
0000101000000110
0000100111110111
0000000000000000
0000101100101001
0000110110010100
0000000000000000
0000101000010001
0000100111101101
0010011101111001
0000100111101100
0000100111011011
0000000000000000
0000101100001010
0000110101111011
0000000000000000
0000100111111110
0000100111101111
0010011101111001
0000101000010000
0000101000001011
0000000000000000
0000101101010101
0000110111101101
0000000000000000
0000100111100111
0000100111100011
0010011101111001
0000100111110101
0000100111100100
0000000000000000
0000101101000100
0000110110011101
0000000000000000
0000100111110100
0000100111111110
0010011101111001
0000100111110110
0000101000000001
0000000000000000
0000101100100010
0000110111000001
0000000000000000
0000100111111011
0000101000000000
0010011101111001
0000100111111001
0000100111111011
0000000000000000
0000101100111010
0000110110110110
0000000000000000
0000100111111110
0000101000000110
0010011101111001
0000100111111110
0000101000000010
0000000000000000
0000101100111110
0000110111000100
0000000000000000
0000100111111100
0000100111111010
0010011101111001
0000101000000101
0000100111110011
0000000000000000
0000101101010001
0000110110110000
0000000000000000
0000101000000100
0000101000010101
0010011101111001
0000100111111010
0000101000001100
0000000000000000
0000101100111011
0000110110111010
0000000000000000
0000101000000011
0000100111111000
0010011101111001
0000100111110111
0000100111110100
0000000000000000
0000101100101011
0000110110011110
0000000000000000
0000100111111000
0000101000000101
0010011101111001
0000100111111100
0000101000001010
0000000000000000
0000101100111101
0000110111001110
0000000000000000
0000101000101001
0000101001001010
0010011101111001
0000101000110101
0000101001011010
0000000000000000
0000101101110110
0000111000110110
0000000000000000
0000101010000011
0000101010001001
0010011101111001
0000101010010100
0000101010010100
0000000000000000
0000101111011101
0000111010001100
0000000000000000
0000101010000010
0000101001101010
0010011101111001
0000101001110000
0000101001000100
0000000000000000
0000101110010111
0000110111111000
0000000000000000
0000100111111111
0000100111101101
0010011101111001
0000100111100101
0000100111001110
0000000000000000
0000101100000010
0000110101011110
0000000000000000
0000100111100010
0000100111011110
0010011101111001
0000100110111101
0000100111000011
0000000000000000
0000101011010111
0000110101100000
0000000000000000
0000100110111011
0000100111001000
0010011101111001
0000100110101110
0000100110111010
0000000000000000
0000101011010011
0000110101010100
0000000000000000
0000100111000110
0000100110111110
0010011101111001
0000100110110010
0000100110101101
0000000000000000
0000101011001111
0000110101000111
0000000000000000
0000100110110011
0000100110110011
0010011101111001
0000100110110010
0000100110110011
0000000000000000
0000101011101000
0000110101010011
0000000000000000
0000100111111111
0000101000000111
0010011101111001
0000100111111001
0000101000000101
0000000000000000
0000101101001001
0000110111011010
0000000000000000
0000101000001100
0000100111100101
0010011101111001
0000101000001001
0000100111101101
0000000000000000
0000101101010010
0000110110101110
0000000000000000
0000100111010100
0000100111100011
0010011101111001
0000100111011001
0000100111011010
0000000000000000
0000101100100011
0000110110010000
0000000000000000
0000100111101101
0000100111100101
0010011101111001
0000100111100110
0000100111101110
0000000000000000
0000101100101000
0000110110110000
0000000000000000
0000101000000101
0000100111111111
0010011101111001
0000101000001100
0000101000000011
0000000000000000
0000101101001110
0000110111001100
0000000000000000
0000101000011101
0000101000000101
0010011101111001
0000101000100010
0000101000001100
0000000000000000
0000101101101001
0000110111001010
0000000000000000
0000101000011000
0000101000000001
0010011101111001
0000101000011111
0000101000001010
0000000000000000
0000101101010111
0000110111001111
0000000000000000
0000100111101100
0000100111100010
0010011101111001
0000100111101100
0000100111101001
0000000000000000
0000101100101011
0000110110100110
0000000000000000
0000101000001011
0000101000100010
0010011101111001
0000101000010110
0000101000110010
0000000000000000
0000101101010111
0000111000000100
0000000000000000
0000101000111110
0000101001100101
0010011101111001
0000101001010101
0000101001111000
0000000000000000
0000101110110011
0000111001101101
0000000000000000
0000101001110000
0000101001100101
0010011101111001
0000101001111110
0000101001100001
0000000000000000
0000101111011100
0000111001100000
0000000000000000
0000101000001100
0000100111110110
0010011101111001
0000100111111111
0000100111100011
0000000000000000
0000101100111100
0000110110010010
0000000000000000
0000100110101110
0000100110101000
0010011101111001
0000100110100000
0000100110010011
0000000000000000
0000101011001001
0000110100011011
0000000000000000
0000100110001000
0000100110010010
0010011101111001
0000100101101001
0000100101100111
0000000000000000
0000101001111000
0000110011000110
0000000000000000
0000100101110100
0000100101101001
0010011101111001
0000100101010001
0000100101001110
0000000000000000
0000101001011001
0000110011000001
0000000000000000
0000100101101001
0000100110000001
0010011101111001
0000100101000111
0000100101011000
0000000000000000
0000101001100101
0000110010111001
0000000000000000
0000100110100001
0000100110110111
0010011101111001
0000100110010111
0000100111000000
0000000000000000
0000101011001011
0000110101101000
0000000000000000
0000101000011100
0000101000100010
0010011101111001
0000101000011111
0000101000011000
0000000000000000
0000101101100110
0000110111011010
0000000000000000
0000101000100111
0000101000010011
0010011101111001
0000101000100010
0000101000010000
0000000000000000
0000101101010000
0000110111000101
0000000000000000
0000100111110111
0000100111110010
0010011101111001
0000100111111100
0000100111101110
0000000000000000
0000101100110111
0000110110100010
0000000000000000
0000101000001100
0000101000101001
0010011101111001
0000101000010011
0000101000110101
0000000000000000
0000101101000011
0000110111111110
0000000000000000
0000101000000110
0000101000010101
0010011101111001
0000101000010011
0000101000011000
0000000000000000
0000101101100011
0000110111101000
0000000000000000
0000101000100100
0000101000010100
0010011101111001
0000101000010101
0000101000001101
0000000000000000
0000101101000111
0000110111000000
0000000000000000
0000101000000010
0000100111111110
0010011101111001
0000100111111000
0000100111110011
0000000000000000
0000101100100000
0000110110011111
0000000000000000
0000100111101000
0000100111100001
0010011101111001
0000100111101111
0000100111110111
0000000000000000
0000101100111011
0000110111001011
0000000000000000
0000101000011101
0000101001000011
0010011101111001
0000101000101101
0000101001001111
0000000000000000
0000101101111111
0000111000101110
0000000000000000
0000101010001111
0000101010001101
0010011101111001
0000101010011111
0000101010011101
0000000000000000
0000101111101100
0000111010101010
0000000000000000
0000101001111111
0000101001011111
0010011101111001
0000101001101110
0000101001001011
0000000000000000
0000101110101111
0000111000100001
0000000000000000
0000100111100100
0000100110111001
0010011101111001
0000100111001111
0000100110100100
0000000000000000
0000101011111011
0000110100111001
0000000000000000
0000100101111001
0000100101010011
0010011101111001
0000100101001110
0000100100100010
0000000000000000
0000101001011001
0000110001101001
0000000000000000
0000100100100101
0000100100100001
0010011101111001
0000100100000100
0000100011111010
0000000000000000
0000101000001010
0000110000111000
0000000000000000
0000100100000010
0000100100011000
0010011101111001
0000100011101001
0000100011101110
0000000000000000
0000101000000001
0000110000100011
0000000000000000
0000100100101111
0000100100110011
0010011101111001
0000100100010010
0000100100101001
0000000000000000
0000101000010011
0000110001111100
0000000000000000
0000100110011110
0000100111001100
0010011101111001
0000100110100010
0000100111010110
0000000000000000
0000101011001110
0000110110000001
0000000000000000
0000101000100010
0000101000011010
0010011101111001
0000101000101001
0000101000110010
0000000000000000
0000101101110001
0000111000001111
0000000000000000
0000101000001101
0000101000010001
0010011101111001
0000101000011010
0000101000010101
0000000000000000
0000101101100001
0000110111011011
0000000000000000
0000100111110001
0000100111110100
0010011101111001
0000101000000101
0000101000001010
0000000000000000
0000101101001011
0000110111100001
0000000000000000
0000100111111110
0000101000011100
0010011101111001
0000101000000101
0000101000010111
0000000000000000
0000101101000011
0000110111011010
0000000000000000
0000101000100100
0000101000011110
0010011101111001
0000101000100001
0000101000100010
0000000000000000
0000101101110001
0000110111111110
